[380, 57, 0, 0]
[57, 248, 0, 0]
[6, 289, 290, 235, 378, 291, 11, 292, 293, 379, 1, 294, 148, 295, 296, 16, 297, 11, 22, 298, 3, 299, 300, 301, 12, 6, 302, 8, 80, 303, 3, 22, 613, 8, 256, 228, 0, 0, 0, 0, 0, 0, 0, 0, 0, 0, 0, 0, 0, 0, 0, 0, 0, 0, 0, 0, 0, 0, 0, 0, 0, 0, 0, 0, 0, 0, 0, 0, 0, 0, 0, 0, 0, 0, 0, 0, 0, 0, 0, 0, 0, 0, 0, 0, 0, 0, 0, 0, 0, 0, 0, 0, 0, 0, 0, 0, 0, 0, 0, 0, 0, 0, 0, 0, 0, 0, 0, 0, 0, 0, 0, 0, 0, 0, 0, 0, 0, 0, 0, 0, 0, 0, 0, 0, 0, 0, 0, 0, 0, 0, 0, 0, 0, 0, 0, 0, 0, 0, 0, 0, 0, 0, 0, 0, 0, 0, 0, 0, 0, 0, 0, 0, 0, 0, 0, 0, 0, 0, 0, 0, 0, 0, 0, 0, 0, 0, 0, 0, 0, 0, 0, 0, 0, 0, 0, 0, 0, 0, 0, 0, 0, 0, 0, 0, 0, 0, 0, 0, 0, 0, 0, 0, 0, 0, 0, 0, 0, 0, 0, 0, 0, 0, 0, 0, 0, 0, 0, 0, 0, 0, 0, 0, 0, 0, 0, 0, 0, 0, 0, 0, 0, 0, 0, 0, 0, 0, 0, 0, 0, 0, 0, 0, 0, 0, 0, 0, 0, 0, 0, 0, 0, 0, 0, 0, 0, 0, 0, 0, 0, 0, 0, 0, 0, 0, 0, 0, 0, 0, 0]
[1, 0]
2
2
36
[378, 0, 0, 0]
[57, 248, 0, 0]
[6, 289, 290, 235, 613, 291, 11, 292, 293, 379, 1, 294, 148, 295, 296, 16, 297, 11, 22, 298, 3, 299, 300, 301, 12, 6, 302, 8, 80, 303, 3, 22, 380, 57, 8, 256, 228, 0, 0, 0, 0, 0, 0, 0, 0, 0, 0, 0, 0, 0, 0, 0, 0, 0, 0, 0, 0, 0, 0, 0, 0, 0, 0, 0, 0, 0, 0, 0, 0, 0, 0, 0, 0, 0, 0, 0, 0, 0, 0, 0, 0, 0, 0, 0, 0, 0, 0, 0, 0, 0, 0, 0, 0, 0, 0, 0, 0, 0, 0, 0, 0, 0, 0, 0, 0, 0, 0, 0, 0, 0, 0, 0, 0, 0, 0, 0, 0, 0, 0, 0, 0, 0, 0, 0, 0, 0, 0, 0, 0, 0, 0, 0, 0, 0, 0, 0, 0, 0, 0, 0, 0, 0, 0, 0, 0, 0, 0, 0, 0, 0, 0, 0, 0, 0, 0, 0, 0, 0, 0, 0, 0, 0, 0, 0, 0, 0, 0, 0, 0, 0, 0, 0, 0, 0, 0, 0, 0, 0, 0, 0, 0, 0, 0, 0, 0, 0, 0, 0, 0, 0, 0, 0, 0, 0, 0, 0, 0, 0, 0, 0, 0, 0, 0, 0, 0, 0, 0, 0, 0, 0, 0, 0, 0, 0, 0, 0, 0, 0, 0, 0, 0, 0, 0, 0, 0, 0, 0, 0, 0, 0, 0, 0, 0, 0, 0, 0, 0, 0, 0, 0, 0, 0, 0, 0, 0, 0, 0, 0, 0, 0, 0, 0, 0, 0, 0, 0, 0, 0, 0]
[0, 1]
1
2
37
[379, 0, 0, 0]
[57, 248, 0, 0]
[6, 289, 290, 235, 378, 291, 11, 292, 293, 613, 1, 294, 148, 295, 296, 16, 297, 11, 22, 298, 3, 299, 300, 301, 12, 6, 302, 8, 80, 303, 3, 22, 380, 57, 8, 256, 228, 0, 0, 0, 0, 0, 0, 0, 0, 0, 0, 0, 0, 0, 0, 0, 0, 0, 0, 0, 0, 0, 0, 0, 0, 0, 0, 0, 0, 0, 0, 0, 0, 0, 0, 0, 0, 0, 0, 0, 0, 0, 0, 0, 0, 0, 0, 0, 0, 0, 0, 0, 0, 0, 0, 0, 0, 0, 0, 0, 0, 0, 0, 0, 0, 0, 0, 0, 0, 0, 0, 0, 0, 0, 0, 0, 0, 0, 0, 0, 0, 0, 0, 0, 0, 0, 0, 0, 0, 0, 0, 0, 0, 0, 0, 0, 0, 0, 0, 0, 0, 0, 0, 0, 0, 0, 0, 0, 0, 0, 0, 0, 0, 0, 0, 0, 0, 0, 0, 0, 0, 0, 0, 0, 0, 0, 0, 0, 0, 0, 0, 0, 0, 0, 0, 0, 0, 0, 0, 0, 0, 0, 0, 0, 0, 0, 0, 0, 0, 0, 0, 0, 0, 0, 0, 0, 0, 0, 0, 0, 0, 0, 0, 0, 0, 0, 0, 0, 0, 0, 0, 0, 0, 0, 0, 0, 0, 0, 0, 0, 0, 0, 0, 0, 0, 0, 0, 0, 0, 0, 0, 0, 0, 0, 0, 0, 0, 0, 0, 0, 0, 0, 0, 0, 0, 0, 0, 0, 0, 0, 0, 0, 0, 0, 0, 0, 0, 0, 0, 0, 0, 0, 0]
[0, 1]
1
2
37
[378, 0, 0, 0]
[380, 57, 0, 0]
[6, 289, 290, 235, 613, 291, 11, 292, 293, 379, 1, 294, 148, 295, 296, 16, 297, 11, 22, 298, 3, 299, 300, 301, 12, 6, 302, 8, 80, 303, 3, 22, 8, 256, 57, 248, 228, 0, 0, 0, 0, 0, 0, 0, 0, 0, 0, 0, 0, 0, 0, 0, 0, 0, 0, 0, 0, 0, 0, 0, 0, 0, 0, 0, 0, 0, 0, 0, 0, 0, 0, 0, 0, 0, 0, 0, 0, 0, 0, 0, 0, 0, 0, 0, 0, 0, 0, 0, 0, 0, 0, 0, 0, 0, 0, 0, 0, 0, 0, 0, 0, 0, 0, 0, 0, 0, 0, 0, 0, 0, 0, 0, 0, 0, 0, 0, 0, 0, 0, 0, 0, 0, 0, 0, 0, 0, 0, 0, 0, 0, 0, 0, 0, 0, 0, 0, 0, 0, 0, 0, 0, 0, 0, 0, 0, 0, 0, 0, 0, 0, 0, 0, 0, 0, 0, 0, 0, 0, 0, 0, 0, 0, 0, 0, 0, 0, 0, 0, 0, 0, 0, 0, 0, 0, 0, 0, 0, 0, 0, 0, 0, 0, 0, 0, 0, 0, 0, 0, 0, 0, 0, 0, 0, 0, 0, 0, 0, 0, 0, 0, 0, 0, 0, 0, 0, 0, 0, 0, 0, 0, 0, 0, 0, 0, 0, 0, 0, 0, 0, 0, 0, 0, 0, 0, 0, 0, 0, 0, 0, 0, 0, 0, 0, 0, 0, 0, 0, 0, 0, 0, 0, 0, 0, 0, 0, 0, 0, 0, 0, 0, 0, 0, 0, 0, 0, 0, 0, 0, 0]
[0, 1]
1
2
37
[378, 0, 0, 0]
[379, 0, 0, 0]
[6, 289, 290, 235, 613, 291, 11, 292, 293, 1, 294, 148, 295, 296, 16, 297, 11, 22, 298, 3, 299, 300, 301, 12, 6, 302, 8, 80, 303, 3, 22, 380, 57, 8, 256, 57, 248, 228, 0, 0, 0, 0, 0, 0, 0, 0, 0, 0, 0, 0, 0, 0, 0, 0, 0, 0, 0, 0, 0, 0, 0, 0, 0, 0, 0, 0, 0, 0, 0, 0, 0, 0, 0, 0, 0, 0, 0, 0, 0, 0, 0, 0, 0, 0, 0, 0, 0, 0, 0, 0, 0, 0, 0, 0, 0, 0, 0, 0, 0, 0, 0, 0, 0, 0, 0, 0, 0, 0, 0, 0, 0, 0, 0, 0, 0, 0, 0, 0, 0, 0, 0, 0, 0, 0, 0, 0, 0, 0, 0, 0, 0, 0, 0, 0, 0, 0, 0, 0, 0, 0, 0, 0, 0, 0, 0, 0, 0, 0, 0, 0, 0, 0, 0, 0, 0, 0, 0, 0, 0, 0, 0, 0, 0, 0, 0, 0, 0, 0, 0, 0, 0, 0, 0, 0, 0, 0, 0, 0, 0, 0, 0, 0, 0, 0, 0, 0, 0, 0, 0, 0, 0, 0, 0, 0, 0, 0, 0, 0, 0, 0, 0, 0, 0, 0, 0, 0, 0, 0, 0, 0, 0, 0, 0, 0, 0, 0, 0, 0, 0, 0, 0, 0, 0, 0, 0, 0, 0, 0, 0, 0, 0, 0, 0, 0, 0, 0, 0, 0, 0, 0, 0, 0, 0, 0, 0, 0, 0, 0, 0, 0, 0, 0, 0, 0, 0, 0, 0, 0, 0]
[0, 1]
1
1
38
[379, 0, 0, 0]
[380, 57, 0, 0]
[6, 289, 290, 235, 378, 291, 11, 292, 293, 613, 1, 294, 148, 295, 296, 16, 297, 11, 22, 298, 3, 299, 300, 301, 12, 6, 302, 8, 80, 303, 3, 22, 8, 256, 57, 248, 228, 0, 0, 0, 0, 0, 0, 0, 0, 0, 0, 0, 0, 0, 0, 0, 0, 0, 0, 0, 0, 0, 0, 0, 0, 0, 0, 0, 0, 0, 0, 0, 0, 0, 0, 0, 0, 0, 0, 0, 0, 0, 0, 0, 0, 0, 0, 0, 0, 0, 0, 0, 0, 0, 0, 0, 0, 0, 0, 0, 0, 0, 0, 0, 0, 0, 0, 0, 0, 0, 0, 0, 0, 0, 0, 0, 0, 0, 0, 0, 0, 0, 0, 0, 0, 0, 0, 0, 0, 0, 0, 0, 0, 0, 0, 0, 0, 0, 0, 0, 0, 0, 0, 0, 0, 0, 0, 0, 0, 0, 0, 0, 0, 0, 0, 0, 0, 0, 0, 0, 0, 0, 0, 0, 0, 0, 0, 0, 0, 0, 0, 0, 0, 0, 0, 0, 0, 0, 0, 0, 0, 0, 0, 0, 0, 0, 0, 0, 0, 0, 0, 0, 0, 0, 0, 0, 0, 0, 0, 0, 0, 0, 0, 0, 0, 0, 0, 0, 0, 0, 0, 0, 0, 0, 0, 0, 0, 0, 0, 0, 0, 0, 0, 0, 0, 0, 0, 0, 0, 0, 0, 0, 0, 0, 0, 0, 0, 0, 0, 0, 0, 0, 0, 0, 0, 0, 0, 0, 0, 0, 0, 0, 0, 0, 0, 0, 0, 0, 0, 0, 0, 0, 0]
[0, 1]
1
2
37
[57, 248, 201, 0]
[116, 0, 0, 0]
[6, 613, 256, 458, 501, 249, 502, 6, 503, 50, 3, 504, 21, 8, 459, 505, 250, 0, 0, 0, 0, 0, 0, 0, 0, 0, 0, 0, 0, 0, 0, 0, 0, 0, 0, 0, 0, 0, 0, 0, 0, 0, 0, 0, 0, 0, 0, 0, 0, 0, 0, 0, 0, 0, 0, 0, 0, 0, 0, 0, 0, 0, 0, 0, 0, 0, 0, 0, 0, 0, 0, 0, 0, 0, 0, 0, 0, 0, 0, 0, 0, 0, 0, 0, 0, 0, 0, 0, 0, 0, 0, 0, 0, 0, 0, 0, 0, 0, 0, 0, 0, 0, 0, 0, 0, 0, 0, 0, 0, 0, 0, 0, 0, 0, 0, 0, 0, 0, 0, 0, 0, 0, 0, 0, 0, 0, 0, 0, 0, 0, 0, 0, 0, 0, 0, 0, 0, 0, 0, 0, 0, 0, 0, 0, 0, 0, 0, 0, 0, 0, 0, 0, 0, 0, 0, 0, 0, 0, 0, 0, 0, 0, 0, 0, 0, 0, 0, 0, 0, 0, 0, 0, 0, 0, 0, 0, 0, 0, 0, 0, 0, 0, 0, 0, 0, 0, 0, 0, 0, 0, 0, 0, 0, 0, 0, 0, 0, 0, 0, 0, 0, 0, 0, 0, 0, 0, 0, 0, 0, 0, 0, 0, 0, 0, 0, 0, 0, 0, 0, 0, 0, 0, 0, 0, 0, 0, 0, 0, 0, 0, 0, 0, 0, 0, 0, 0, 0, 0, 0, 0, 0, 0, 0, 0, 0, 0, 0, 0, 0, 0, 0, 0, 0, 0, 0, 0, 0, 0, 0]
[0, 1]
3
1
17
[32, 0, 0, 0]
[29, 0, 0, 0]
[6, 304, 3, 6, 89, 90, 31, 11, 212, 305, 32, 213, 306, 5, 307, 7, 2, 308, 5, 43, 7, 309, 6, 91, 3, 29, 1, 83, 2, 82, 2, 11, 212, 200, 6, 50, 21, 34, 310, 3, 311, 4, 312, 38, 77, 313, 12, 314, 315, 36, 214, 3, 32, 23, 29, 1, 83, 2, 82, 17, 257, 215, 316, 32, 213, 43, 222, 85, 50, 21, 83, 2, 82, 17, 53, 216, 22, 149, 108, 4, 29, 17, 62, 118, 317, 318, 6, 32, 258, 319, 8, 320, 8, 32, 217, 43, 23, 29, 17, 321, 2, 97, 6, 50, 21, 32, 8, 80, 29, 91, 31, 322, 11, 323, 208, 214, 3, 324, 325, 32, 216, 22, 149, 108, 35, 326, 3, 29, 53, 218, 3, 83, 2, 82, 17, 4, 150, 1, 327, 328, 3, 613, 217, 43, 236, 22, 108, 3, 17, 0, 0, 0, 0, 0, 0, 0, 0, 0, 0, 0, 0, 0, 0, 0, 0, 0, 0, 0, 0, 0, 0, 0, 0, 0, 0, 0, 0, 0, 0, 0, 0, 0, 0, 0, 0, 0, 0, 0, 0, 0, 0, 0, 0, 0, 0, 0, 0, 0, 0, 0, 0, 0, 0, 0, 0, 0, 0, 0, 0, 0, 0, 0, 0, 0, 0, 0, 0, 0, 0, 0, 0, 0, 0, 0, 0, 0, 0, 0, 0, 0, 0, 0, 0, 0, 0, 0, 0, 0, 0, 0, 0, 0, 0, 0, 0, 0, 0, 0, 0, 0, 0, 0, 0, 0, 0, 0, 0, 0, 0]
[1, 0]
1
1
149
[32, 0, 0, 0]
[29, 0, 0, 0]
[6, 304, 3, 6, 89, 90, 31, 11, 212, 305, 32, 213, 306, 5, 307, 7, 2, 308, 5, 43, 7, 309, 6, 91, 3, 29, 1, 83, 2, 82, 2, 11, 212, 200, 6, 50, 21, 34, 310, 3, 311, 4, 312, 38, 77, 313, 12, 314, 315, 36, 214, 3, 32, 23, 29, 1, 83, 2, 82, 17, 257, 215, 316, 32, 213, 43, 222, 85, 50, 21, 83, 2, 82, 17, 53, 216, 22, 149, 108, 4, 29, 17, 62, 118, 317, 318, 6, 32, 258, 319, 8, 320, 8, 32, 217, 43, 23, 29, 17, 321, 2, 97, 6, 50, 21, 613, 8, 80, 91, 31, 322, 11, 323, 208, 214, 3, 324, 325, 32, 216, 22, 149, 108, 35, 326, 3, 29, 53, 218, 3, 83, 2, 82, 17, 4, 150, 1, 327, 328, 3, 32, 217, 43, 236, 22, 108, 3, 29, 17, 0, 0, 0, 0, 0, 0, 0, 0, 0, 0, 0, 0, 0, 0, 0, 0, 0, 0, 0, 0, 0, 0, 0, 0, 0, 0, 0, 0, 0, 0, 0, 0, 0, 0, 0, 0, 0, 0, 0, 0, 0, 0, 0, 0, 0, 0, 0, 0, 0, 0, 0, 0, 0, 0, 0, 0, 0, 0, 0, 0, 0, 0, 0, 0, 0, 0, 0, 0, 0, 0, 0, 0, 0, 0, 0, 0, 0, 0, 0, 0, 0, 0, 0, 0, 0, 0, 0, 0, 0, 0, 0, 0, 0, 0, 0, 0, 0, 0, 0, 0, 0, 0, 0, 0, 0, 0, 0, 0, 0, 0]
[1, 0]
1
1
149
[32, 0, 0, 0]
[29, 0, 0, 0]
[6, 304, 3, 6, 89, 90, 31, 11, 212, 305, 32, 213, 306, 5, 307, 7, 2, 308, 5, 43, 7, 309, 6, 91, 3, 29, 1, 83, 2, 82, 2, 11, 212, 200, 6, 50, 21, 34, 310, 3, 311, 4, 312, 38, 77, 313, 12, 314, 315, 36, 214, 3, 32, 23, 29, 1, 83, 2, 82, 17, 257, 215, 316, 32, 213, 43, 222, 85, 50, 21, 83, 2, 82, 17, 53, 216, 22, 149, 108, 4, 29, 17, 62, 118, 317, 318, 6, 32, 258, 319, 8, 320, 8, 32, 217, 43, 23, 29, 17, 321, 2, 97, 6, 50, 21, 32, 8, 80, 29, 91, 31, 322, 11, 323, 208, 214, 3, 324, 325, 613, 216, 22, 149, 108, 35, 326, 3, 53, 218, 3, 83, 2, 82, 17, 4, 150, 1, 327, 328, 3, 32, 217, 43, 236, 22, 108, 3, 29, 17, 0, 0, 0, 0, 0, 0, 0, 0, 0, 0, 0, 0, 0, 0, 0, 0, 0, 0, 0, 0, 0, 0, 0, 0, 0, 0, 0, 0, 0, 0, 0, 0, 0, 0, 0, 0, 0, 0, 0, 0, 0, 0, 0, 0, 0, 0, 0, 0, 0, 0, 0, 0, 0, 0, 0, 0, 0, 0, 0, 0, 0, 0, 0, 0, 0, 0, 0, 0, 0, 0, 0, 0, 0, 0, 0, 0, 0, 0, 0, 0, 0, 0, 0, 0, 0, 0, 0, 0, 0, 0, 0, 0, 0, 0, 0, 0, 0, 0, 0, 0, 0, 0, 0, 0, 0, 0, 0, 0, 0, 0]
[1, 0]
1
1
149
[32, 0, 0, 0]
[29, 0, 0, 0]
[6, 304, 3, 6, 89, 90, 31, 11, 212, 305, 32, 213, 306, 5, 307, 7, 2, 308, 5, 43, 7, 309, 6, 91, 3, 29, 1, 83, 2, 82, 2, 11, 212, 200, 6, 50, 21, 34, 310, 3, 311, 4, 312, 38, 77, 313, 12, 314, 315, 36, 214, 3, 613, 23, 1, 83, 2, 82, 17, 257, 215, 316, 32, 213, 43, 222, 85, 50, 21, 83, 2, 82, 17, 53, 216, 22, 149, 108, 4, 29, 17, 62, 118, 317, 318, 6, 32, 258, 319, 8, 320, 8, 32, 217, 43, 23, 29, 17, 321, 2, 97, 6, 50, 21, 32, 8, 80, 29, 91, 31, 322, 11, 323, 208, 214, 3, 324, 325, 32, 216, 22, 149, 108, 35, 326, 3, 29, 53, 218, 3, 83, 2, 82, 17, 4, 150, 1, 327, 328, 3, 32, 217, 43, 236, 22, 108, 3, 29, 17, 0, 0, 0, 0, 0, 0, 0, 0, 0, 0, 0, 0, 0, 0, 0, 0, 0, 0, 0, 0, 0, 0, 0, 0, 0, 0, 0, 0, 0, 0, 0, 0, 0, 0, 0, 0, 0, 0, 0, 0, 0, 0, 0, 0, 0, 0, 0, 0, 0, 0, 0, 0, 0, 0, 0, 0, 0, 0, 0, 0, 0, 0, 0, 0, 0, 0, 0, 0, 0, 0, 0, 0, 0, 0, 0, 0, 0, 0, 0, 0, 0, 0, 0, 0, 0, 0, 0, 0, 0, 0, 0, 0, 0, 0, 0, 0, 0, 0, 0, 0, 0, 0, 0, 0, 0, 0, 0, 0, 0, 0]
[1, 0]
1
1
149
[32, 0, 0, 0]
[29, 0, 0, 0]
[6, 304, 3, 6, 89, 90, 31, 11, 212, 305, 32, 213, 306, 5, 307, 7, 2, 308, 5, 43, 7, 309, 6, 91, 3, 29, 1, 83, 2, 82, 2, 11, 212, 200, 6, 50, 21, 34, 310, 3, 311, 4, 312, 38, 77, 313, 12, 314, 315, 36, 214, 3, 32, 23, 29, 1, 83, 2, 82, 17, 257, 215, 316, 613, 213, 43, 222, 85, 50, 21, 83, 2, 82, 17, 53, 216, 22, 149, 108, 4, 17, 62, 118, 317, 318, 6, 32, 258, 319, 8, 320, 8, 32, 217, 43, 23, 29, 17, 321, 2, 97, 6, 50, 21, 32, 8, 80, 29, 91, 31, 322, 11, 323, 208, 214, 3, 324, 325, 32, 216, 22, 149, 108, 35, 326, 3, 29, 53, 218, 3, 83, 2, 82, 17, 4, 150, 1, 327, 328, 3, 32, 217, 43, 236, 22, 108, 3, 29, 17, 0, 0, 0, 0, 0, 0, 0, 0, 0, 0, 0, 0, 0, 0, 0, 0, 0, 0, 0, 0, 0, 0, 0, 0, 0, 0, 0, 0, 0, 0, 0, 0, 0, 0, 0, 0, 0, 0, 0, 0, 0, 0, 0, 0, 0, 0, 0, 0, 0, 0, 0, 0, 0, 0, 0, 0, 0, 0, 0, 0, 0, 0, 0, 0, 0, 0, 0, 0, 0, 0, 0, 0, 0, 0, 0, 0, 0, 0, 0, 0, 0, 0, 0, 0, 0, 0, 0, 0, 0, 0, 0, 0, 0, 0, 0, 0, 0, 0, 0, 0, 0, 0, 0, 0, 0, 0, 0, 0, 0, 0]
[1, 0]
1
1
149
[32, 0, 0, 0]
[29, 0, 0, 0]
[6, 304, 3, 6, 89, 90, 31, 11, 212, 305, 613, 213, 306, 5, 307, 7, 2, 308, 5, 43, 7, 309, 6, 91, 3, 1, 83, 2, 82, 2, 11, 212, 200, 6, 50, 21, 34, 310, 3, 311, 4, 312, 38, 77, 313, 12, 314, 315, 36, 214, 3, 32, 23, 29, 1, 83, 2, 82, 17, 257, 215, 316, 32, 213, 43, 222, 85, 50, 21, 83, 2, 82, 17, 53, 216, 22, 149, 108, 4, 29, 17, 62, 118, 317, 318, 6, 32, 258, 319, 8, 320, 8, 32, 217, 43, 23, 29, 17, 321, 2, 97, 6, 50, 21, 32, 8, 80, 29, 91, 31, 322, 11, 323, 208, 214, 3, 324, 325, 32, 216, 22, 149, 108, 35, 326, 3, 29, 53, 218, 3, 83, 2, 82, 17, 4, 150, 1, 327, 328, 3, 32, 217, 43, 236, 22, 108, 3, 29, 17, 0, 0, 0, 0, 0, 0, 0, 0, 0, 0, 0, 0, 0, 0, 0, 0, 0, 0, 0, 0, 0, 0, 0, 0, 0, 0, 0, 0, 0, 0, 0, 0, 0, 0, 0, 0, 0, 0, 0, 0, 0, 0, 0, 0, 0, 0, 0, 0, 0, 0, 0, 0, 0, 0, 0, 0, 0, 0, 0, 0, 0, 0, 0, 0, 0, 0, 0, 0, 0, 0, 0, 0, 0, 0, 0, 0, 0, 0, 0, 0, 0, 0, 0, 0, 0, 0, 0, 0, 0, 0, 0, 0, 0, 0, 0, 0, 0, 0, 0, 0, 0, 0, 0, 0, 0, 0, 0, 0, 0, 0]
[1, 0]
1
1
149
[25, 0, 0, 0]
[9, 0, 0, 0]
[151, 3, 66, 67, 68, 44, 45, 1, 152, 153, 8, 154, 155, 8, 30, 1, 9, 1, 48, 54, 69, 2, 63, 1, 2, 70, 71, 72, 8, 26, 27, 10, 4, 92, 36, 24, 12, 156, 49, 109, 157, 158, 8, 159, 160, 161, 119, 1, 6, 14, 10, 3, 66, 67, 68, 5, 162, 1, 46, 8, 30, 1, 9, 1, 48, 57, 5, 229, 2, 613, 1, 2, 70, 71, 72, 5, 163, 31, 164, 4, 165, 36, 24, 166, 167, 2, 73, 110, 114, 168, 3, 74, 75, 169, 5, 170, 2, 171, 1, 172, 1, 173, 7, 174, 175, 1, 86, 93, 35, 176, 177, 94, 64, 4, 24, 44, 45, 5, 178, 13, 16, 18, 19, 20, 7, 1, 46, 8, 30, 5, 179, 13, 16, 18, 19, 20, 7, 1, 5, 180, 13, 16, 18, 19, 20, 7, 1, 78, 5, 181, 13, 16, 18, 19, 20, 7, 1, 25, 5, 182, 13, 16, 18, 19, 20, 7, 1, 2, 76, 8, 26, 14, 5, 183, 13, 16, 18, 19, 20, 7, 42, 95, 4, 184, 65, 185, 17, 1, 47, 186, 31, 85, 187, 73, 74, 49, 34, 111, 84, 15, 6, 4, 188, 27, 10, 3, 24, 44, 45, 1, 46, 8, 30, 1, 9, 1, 78, 1, 25, 1, 2, 76, 8, 26, 4, 36, 39, 40, 77, 189, 12, 190, 191, 98, 3, 29, 2, 15, 192, 193, 99, 97, 194, 11, 23, 24, 195, 2, 196, 100, 22, 197, 3, 6, 23, 10, 3, 34, 54]
[0, 1]
1
1
259
[48, 57, 5, 229]
[25, 0, 0, 0]
[151, 3, 66, 67, 68, 44, 45, 1, 152, 153, 8, 154, 155, 8, 30, 1, 9, 1, 48, 54, 69, 2, 63, 1, 2, 70, 71, 72, 8, 26, 27, 10, 4, 92, 36, 24, 12, 156, 49, 109, 157, 158, 8, 159, 160, 161, 119, 1, 6, 14, 10, 3, 66, 67, 68, 5, 162, 1, 46, 8, 30, 1, 9, 1, 613, 2, 1, 2, 70, 71, 72, 5, 163, 31, 164, 4, 165, 36, 24, 166, 167, 2, 73, 110, 114, 168, 3, 74, 75, 169, 5, 170, 2, 171, 1, 172, 1, 173, 7, 174, 175, 1, 86, 93, 35, 176, 177, 94, 64, 4, 24, 44, 45, 5, 178, 13, 16, 18, 19, 20, 7, 1, 46, 8, 30, 5, 179, 13, 16, 18, 19, 20, 7, 1, 9, 5, 180, 13, 16, 18, 19, 20, 7, 1, 78, 5, 181, 13, 16, 18, 19, 20, 7, 1, 25, 5, 182, 13, 16, 18, 19, 20, 7, 1, 2, 76, 8, 26, 14, 5, 183, 13, 16, 18, 19, 20, 7, 42, 95, 4, 184, 65, 185, 17, 1, 47, 186, 31, 85, 187, 73, 74, 49, 34, 111, 84, 15, 6, 4, 188, 27, 10, 3, 24, 44, 45, 1, 46, 8, 30, 1, 9, 1, 78, 1, 25, 1, 2, 76, 8, 26, 4, 36, 39, 40, 77, 189, 12, 190, 191, 98, 3, 29, 2, 15, 192, 193, 99, 97, 194, 11, 23, 24, 195, 2, 196, 100, 22, 197, 3, 6, 23, 10, 3, 34, 54, 0, 0, 0]
[0, 1]
4
1
256
[25, 0, 0, 0]
[78, 0, 0, 0]
[151, 3, 66, 67, 68, 44, 45, 1, 152, 153, 8, 154, 155, 8, 30, 1, 9, 1, 48, 54, 69, 2, 63, 1, 2, 70, 71, 72, 8, 26, 27, 10, 4, 92, 36, 24, 12, 156, 49, 109, 157, 158, 8, 159, 160, 161, 119, 1, 6, 14, 10, 3, 66, 67, 68, 5, 162, 1, 46, 8, 30, 1, 9, 1, 48, 57, 5, 229, 2, 613, 1, 2, 70, 71, 72, 5, 163, 31, 164, 4, 165, 36, 24, 166, 167, 2, 73, 110, 114, 168, 3, 74, 75, 169, 5, 170, 2, 171, 1, 172, 1, 173, 7, 174, 175, 1, 86, 93, 35, 176, 177, 94, 64, 4, 24, 44, 45, 5, 178, 13, 16, 18, 19, 20, 7, 1, 46, 8, 30, 5, 179, 13, 16, 18, 19, 20, 7, 1, 9, 5, 180, 13, 16, 18, 19, 20, 7, 1, 78, 5, 181, 13, 16, 18, 19, 20, 7, 1, 25, 5, 182, 13, 16, 18, 19, 20, 7, 1, 2, 76, 8, 26, 14, 5, 183, 13, 16, 18, 19, 20, 7, 42, 95, 4, 184, 65, 185, 17, 1, 47, 186, 31, 85, 187, 73, 74, 49, 34, 111, 84, 15, 6, 4, 188, 27, 10, 3, 24, 44, 45, 1, 46, 8, 30, 1, 9, 1, 1, 25, 1, 2, 76, 8, 26, 4, 36, 39, 40, 77, 189, 12, 190, 191, 98, 3, 29, 2, 15, 192, 193, 99, 97, 194, 11, 23, 24, 195, 2, 196, 100, 22, 197, 3, 6, 23, 10, 3, 34, 54]
[0, 1]
1
1
259
[63, 0, 0, 0]
[25, 0, 0, 0]
[151, 3, 66, 67, 68, 44, 45, 1, 152, 153, 8, 154, 155, 8, 30, 1, 9, 1, 48, 54, 69, 2, 613, 1, 2, 70, 71, 72, 8, 26, 27, 10, 4, 92, 36, 24, 12, 156, 49, 109, 157, 158, 8, 159, 160, 161, 119, 1, 6, 14, 10, 3, 66, 67, 68, 5, 162, 1, 46, 8, 30, 1, 9, 1, 48, 57, 5, 229, 2, 1, 2, 70, 71, 72, 5, 163, 31, 164, 4, 165, 36, 24, 166, 167, 2, 73, 110, 114, 168, 3, 74, 75, 169, 5, 170, 2, 171, 1, 172, 1, 173, 7, 174, 175, 1, 86, 93, 35, 176, 177, 94, 64, 4, 24, 44, 45, 5, 178, 13, 16, 18, 19, 20, 7, 1, 46, 8, 30, 5, 179, 13, 16, 18, 19, 20, 7, 1, 9, 5, 180, 13, 16, 18, 19, 20, 7, 1, 78, 5, 181, 13, 16, 18, 19, 20, 7, 1, 25, 5, 182, 13, 16, 18, 19, 20, 7, 1, 2, 76, 8, 26, 14, 5, 183, 13, 16, 18, 19, 20, 7, 42, 95, 4, 184, 65, 185, 17, 1, 47, 186, 31, 85, 187, 73, 74, 49, 34, 111, 84, 15, 6, 4, 188, 27, 10, 3, 24, 44, 45, 1, 46, 8, 30, 1, 9, 1, 78, 1, 25, 1, 2, 76, 8, 26, 4, 36, 39, 40, 77, 189, 12, 190, 191, 98, 3, 29, 2, 15, 192, 193, 99, 97, 194, 11, 23, 24, 195, 2, 196, 100, 22, 197, 3, 6, 23, 10, 3, 34, 54]
[0, 1]
1
1
259
[48, 54, 69, 0]
[25, 0, 0, 0]
[151, 3, 66, 67, 68, 44, 45, 1, 152, 153, 8, 154, 155, 8, 30, 1, 9, 1, 613, 2, 63, 1, 2, 70, 71, 72, 8, 26, 27, 10, 4, 92, 36, 24, 12, 156, 49, 109, 157, 158, 8, 159, 160, 161, 119, 1, 6, 14, 10, 3, 66, 67, 68, 5, 162, 1, 46, 8, 30, 1, 9, 1, 48, 57, 5, 229, 2, 1, 2, 70, 71, 72, 5, 163, 31, 164, 4, 165, 36, 24, 166, 167, 2, 73, 110, 114, 168, 3, 74, 75, 169, 5, 170, 2, 171, 1, 172, 1, 173, 7, 174, 175, 1, 86, 93, 35, 176, 177, 94, 64, 4, 24, 44, 45, 5, 178, 13, 16, 18, 19, 20, 7, 1, 46, 8, 30, 5, 179, 13, 16, 18, 19, 20, 7, 1, 9, 5, 180, 13, 16, 18, 19, 20, 7, 1, 78, 5, 181, 13, 16, 18, 19, 20, 7, 1, 25, 5, 182, 13, 16, 18, 19, 20, 7, 1, 2, 76, 8, 26, 14, 5, 183, 13, 16, 18, 19, 20, 7, 42, 95, 4, 184, 65, 185, 17, 1, 47, 186, 31, 85, 187, 73, 74, 49, 34, 111, 84, 15, 6, 4, 188, 27, 10, 3, 24, 44, 45, 1, 46, 8, 30, 1, 9, 1, 78, 1, 25, 1, 2, 76, 8, 26, 4, 36, 39, 40, 77, 189, 12, 190, 191, 98, 3, 29, 2, 15, 192, 193, 99, 97, 194, 11, 23, 24, 195, 2, 196, 100, 22, 197, 3, 6, 23, 10, 3, 34, 54, 0, 0]
[0, 1]
3
1
257
[48, 57, 5, 229]
[9, 0, 0, 0]
[151, 3, 66, 67, 68, 44, 45, 1, 152, 153, 8, 154, 155, 8, 30, 1, 9, 1, 48, 54, 69, 2, 63, 1, 2, 70, 71, 72, 8, 26, 27, 10, 4, 92, 36, 24, 12, 156, 49, 109, 157, 158, 8, 159, 160, 161, 119, 1, 6, 14, 10, 3, 66, 67, 68, 5, 162, 1, 46, 8, 30, 1, 9, 1, 613, 2, 25, 1, 2, 70, 71, 72, 5, 163, 31, 164, 4, 165, 36, 24, 166, 167, 2, 73, 110, 114, 168, 3, 74, 75, 169, 5, 170, 2, 171, 1, 172, 1, 173, 7, 174, 175, 1, 86, 93, 35, 176, 177, 94, 64, 4, 24, 44, 45, 5, 178, 13, 16, 18, 19, 20, 7, 1, 46, 8, 30, 5, 179, 13, 16, 18, 19, 20, 7, 1, 5, 180, 13, 16, 18, 19, 20, 7, 1, 78, 5, 181, 13, 16, 18, 19, 20, 7, 1, 25, 5, 182, 13, 16, 18, 19, 20, 7, 1, 2, 76, 8, 26, 14, 5, 183, 13, 16, 18, 19, 20, 7, 42, 95, 4, 184, 65, 185, 17, 1, 47, 186, 31, 85, 187, 73, 74, 49, 34, 111, 84, 15, 6, 4, 188, 27, 10, 3, 24, 44, 45, 1, 46, 8, 30, 1, 9, 1, 78, 1, 25, 1, 2, 76, 8, 26, 4, 36, 39, 40, 77, 189, 12, 190, 191, 98, 3, 29, 2, 15, 192, 193, 99, 97, 194, 11, 23, 24, 195, 2, 196, 100, 22, 197, 3, 6, 23, 10, 3, 34, 54, 0, 0, 0]
[0, 1]
4
1
256
[9, 0, 0, 0]
[78, 0, 0, 0]
[151, 3, 66, 67, 68, 44, 45, 1, 152, 153, 8, 154, 155, 8, 30, 1, 9, 1, 48, 54, 69, 2, 63, 1, 2, 70, 71, 72, 8, 26, 27, 10, 4, 92, 36, 24, 12, 156, 49, 109, 157, 158, 8, 159, 160, 161, 119, 1, 6, 14, 10, 3, 66, 67, 68, 5, 162, 1, 46, 8, 30, 1, 9, 1, 48, 57, 5, 229, 2, 25, 1, 2, 70, 71, 72, 5, 163, 31, 164, 4, 165, 36, 24, 166, 167, 2, 73, 110, 114, 168, 3, 74, 75, 169, 5, 170, 2, 171, 1, 172, 1, 173, 7, 174, 175, 1, 86, 93, 35, 176, 177, 94, 64, 4, 24, 44, 45, 5, 178, 13, 16, 18, 19, 20, 7, 1, 46, 8, 30, 5, 179, 13, 16, 18, 19, 20, 7, 1, 613, 5, 180, 13, 16, 18, 19, 20, 7, 1, 78, 5, 181, 13, 16, 18, 19, 20, 7, 1, 25, 5, 182, 13, 16, 18, 19, 20, 7, 1, 2, 76, 8, 26, 14, 5, 183, 13, 16, 18, 19, 20, 7, 42, 95, 4, 184, 65, 185, 17, 1, 47, 186, 31, 85, 187, 73, 74, 49, 34, 111, 84, 15, 6, 4, 188, 27, 10, 3, 24, 44, 45, 1, 46, 8, 30, 1, 9, 1, 1, 25, 1, 2, 76, 8, 26, 4, 36, 39, 40, 77, 189, 12, 190, 191, 98, 3, 29, 2, 15, 192, 193, 99, 97, 194, 11, 23, 24, 195, 2, 196, 100, 22, 197, 3, 6, 23, 10, 3, 34, 54]
[0, 1]
1
1
259
[63, 0, 0, 0]
[9, 0, 0, 0]
[151, 3, 66, 67, 68, 44, 45, 1, 152, 153, 8, 154, 155, 8, 30, 1, 9, 1, 48, 54, 69, 2, 613, 1, 2, 70, 71, 72, 8, 26, 27, 10, 4, 92, 36, 24, 12, 156, 49, 109, 157, 158, 8, 159, 160, 161, 119, 1, 6, 14, 10, 3, 66, 67, 68, 5, 162, 1, 46, 8, 30, 1, 9, 1, 48, 57, 5, 229, 2, 25, 1, 2, 70, 71, 72, 5, 163, 31, 164, 4, 165, 36, 24, 166, 167, 2, 73, 110, 114, 168, 3, 74, 75, 169, 5, 170, 2, 171, 1, 172, 1, 173, 7, 174, 175, 1, 86, 93, 35, 176, 177, 94, 64, 4, 24, 44, 45, 5, 178, 13, 16, 18, 19, 20, 7, 1, 46, 8, 30, 5, 179, 13, 16, 18, 19, 20, 7, 1, 5, 180, 13, 16, 18, 19, 20, 7, 1, 78, 5, 181, 13, 16, 18, 19, 20, 7, 1, 25, 5, 182, 13, 16, 18, 19, 20, 7, 1, 2, 76, 8, 26, 14, 5, 183, 13, 16, 18, 19, 20, 7, 42, 95, 4, 184, 65, 185, 17, 1, 47, 186, 31, 85, 187, 73, 74, 49, 34, 111, 84, 15, 6, 4, 188, 27, 10, 3, 24, 44, 45, 1, 46, 8, 30, 1, 9, 1, 78, 1, 25, 1, 2, 76, 8, 26, 4, 36, 39, 40, 77, 189, 12, 190, 191, 98, 3, 29, 2, 15, 192, 193, 99, 97, 194, 11, 23, 24, 195, 2, 196, 100, 22, 197, 3, 6, 23, 10, 3, 34, 54]
[0, 1]
1
1
259
[48, 54, 69, 0]
[9, 0, 0, 0]
[151, 3, 66, 67, 68, 44, 45, 1, 152, 153, 8, 154, 155, 8, 30, 1, 9, 1, 613, 2, 63, 1, 2, 70, 71, 72, 8, 26, 27, 10, 4, 92, 36, 24, 12, 156, 49, 109, 157, 158, 8, 159, 160, 161, 119, 1, 6, 14, 10, 3, 66, 67, 68, 5, 162, 1, 46, 8, 30, 1, 9, 1, 48, 57, 5, 229, 2, 25, 1, 2, 70, 71, 72, 5, 163, 31, 164, 4, 165, 36, 24, 166, 167, 2, 73, 110, 114, 168, 3, 74, 75, 169, 5, 170, 2, 171, 1, 172, 1, 173, 7, 174, 175, 1, 86, 93, 35, 176, 177, 94, 64, 4, 24, 44, 45, 5, 178, 13, 16, 18, 19, 20, 7, 1, 46, 8, 30, 5, 179, 13, 16, 18, 19, 20, 7, 1, 5, 180, 13, 16, 18, 19, 20, 7, 1, 78, 5, 181, 13, 16, 18, 19, 20, 7, 1, 25, 5, 182, 13, 16, 18, 19, 20, 7, 1, 2, 76, 8, 26, 14, 5, 183, 13, 16, 18, 19, 20, 7, 42, 95, 4, 184, 65, 185, 17, 1, 47, 186, 31, 85, 187, 73, 74, 49, 34, 111, 84, 15, 6, 4, 188, 27, 10, 3, 24, 44, 45, 1, 46, 8, 30, 1, 9, 1, 78, 1, 25, 1, 2, 76, 8, 26, 4, 36, 39, 40, 77, 189, 12, 190, 191, 98, 3, 29, 2, 15, 192, 193, 99, 97, 194, 11, 23, 24, 195, 2, 196, 100, 22, 197, 3, 6, 23, 10, 3, 34, 54, 0, 0]
[0, 1]
3
1
257
[48, 57, 5, 229]
[78, 0, 0, 0]
[151, 3, 66, 67, 68, 44, 45, 1, 152, 153, 8, 154, 155, 8, 30, 1, 9, 1, 48, 54, 69, 2, 63, 1, 2, 70, 71, 72, 8, 26, 27, 10, 4, 92, 36, 24, 12, 156, 49, 109, 157, 158, 8, 159, 160, 161, 119, 1, 6, 14, 10, 3, 66, 67, 68, 5, 162, 1, 46, 8, 30, 1, 9, 1, 613, 2, 25, 1, 2, 70, 71, 72, 5, 163, 31, 164, 4, 165, 36, 24, 166, 167, 2, 73, 110, 114, 168, 3, 74, 75, 169, 5, 170, 2, 171, 1, 172, 1, 173, 7, 174, 175, 1, 86, 93, 35, 176, 177, 94, 64, 4, 24, 44, 45, 5, 178, 13, 16, 18, 19, 20, 7, 1, 46, 8, 30, 5, 179, 13, 16, 18, 19, 20, 7, 1, 9, 5, 180, 13, 16, 18, 19, 20, 7, 1, 78, 5, 181, 13, 16, 18, 19, 20, 7, 1, 25, 5, 182, 13, 16, 18, 19, 20, 7, 1, 2, 76, 8, 26, 14, 5, 183, 13, 16, 18, 19, 20, 7, 42, 95, 4, 184, 65, 185, 17, 1, 47, 186, 31, 85, 187, 73, 74, 49, 34, 111, 84, 15, 6, 4, 188, 27, 10, 3, 24, 44, 45, 1, 46, 8, 30, 1, 9, 1, 1, 25, 1, 2, 76, 8, 26, 4, 36, 39, 40, 77, 189, 12, 190, 191, 98, 3, 29, 2, 15, 192, 193, 99, 97, 194, 11, 23, 24, 195, 2, 196, 100, 22, 197, 3, 6, 23, 10, 3, 34, 54, 0, 0, 0]
[0, 1]
4
1
256
[63, 0, 0, 0]
[48, 57, 5, 229]
[151, 3, 66, 67, 68, 44, 45, 1, 152, 153, 8, 154, 155, 8, 30, 1, 9, 1, 48, 54, 69, 2, 613, 1, 2, 70, 71, 72, 8, 26, 27, 10, 4, 92, 36, 24, 12, 156, 49, 109, 157, 158, 8, 159, 160, 161, 119, 1, 6, 14, 10, 3, 66, 67, 68, 5, 162, 1, 46, 8, 30, 1, 9, 1, 2, 25, 1, 2, 70, 71, 72, 5, 163, 31, 164, 4, 165, 36, 24, 166, 167, 2, 73, 110, 114, 168, 3, 74, 75, 169, 5, 170, 2, 171, 1, 172, 1, 173, 7, 174, 175, 1, 86, 93, 35, 176, 177, 94, 64, 4, 24, 44, 45, 5, 178, 13, 16, 18, 19, 20, 7, 1, 46, 8, 30, 5, 179, 13, 16, 18, 19, 20, 7, 1, 9, 5, 180, 13, 16, 18, 19, 20, 7, 1, 78, 5, 181, 13, 16, 18, 19, 20, 7, 1, 25, 5, 182, 13, 16, 18, 19, 20, 7, 1, 2, 76, 8, 26, 14, 5, 183, 13, 16, 18, 19, 20, 7, 42, 95, 4, 184, 65, 185, 17, 1, 47, 186, 31, 85, 187, 73, 74, 49, 34, 111, 84, 15, 6, 4, 188, 27, 10, 3, 24, 44, 45, 1, 46, 8, 30, 1, 9, 1, 78, 1, 25, 1, 2, 76, 8, 26, 4, 36, 39, 40, 77, 189, 12, 190, 191, 98, 3, 29, 2, 15, 192, 193, 99, 97, 194, 11, 23, 24, 195, 2, 196, 100, 22, 197, 3, 6, 23, 10, 3, 34, 54, 0, 0, 0]
[0, 1]
1
4
256
[48, 54, 69, 0]
[48, 57, 5, 229]
[151, 3, 66, 67, 68, 44, 45, 1, 152, 153, 8, 154, 155, 8, 30, 1, 9, 1, 613, 2, 63, 1, 2, 70, 71, 72, 8, 26, 27, 10, 4, 92, 36, 24, 12, 156, 49, 109, 157, 158, 8, 159, 160, 161, 119, 1, 6, 14, 10, 3, 66, 67, 68, 5, 162, 1, 46, 8, 30, 1, 9, 1, 2, 25, 1, 2, 70, 71, 72, 5, 163, 31, 164, 4, 165, 36, 24, 166, 167, 2, 73, 110, 114, 168, 3, 74, 75, 169, 5, 170, 2, 171, 1, 172, 1, 173, 7, 174, 175, 1, 86, 93, 35, 176, 177, 94, 64, 4, 24, 44, 45, 5, 178, 13, 16, 18, 19, 20, 7, 1, 46, 8, 30, 5, 179, 13, 16, 18, 19, 20, 7, 1, 9, 5, 180, 13, 16, 18, 19, 20, 7, 1, 78, 5, 181, 13, 16, 18, 19, 20, 7, 1, 25, 5, 182, 13, 16, 18, 19, 20, 7, 1, 2, 76, 8, 26, 14, 5, 183, 13, 16, 18, 19, 20, 7, 42, 95, 4, 184, 65, 185, 17, 1, 47, 186, 31, 85, 187, 73, 74, 49, 34, 111, 84, 15, 6, 4, 188, 27, 10, 3, 24, 44, 45, 1, 46, 8, 30, 1, 9, 1, 78, 1, 25, 1, 2, 76, 8, 26, 4, 36, 39, 40, 77, 189, 12, 190, 191, 98, 3, 29, 2, 15, 192, 193, 99, 97, 194, 11, 23, 24, 195, 2, 196, 100, 22, 197, 3, 6, 23, 10, 3, 34, 54, 0, 0, 0, 0, 0]
[0, 1]
3
4
254
[63, 0, 0, 0]
[78, 0, 0, 0]
[151, 3, 66, 67, 68, 44, 45, 1, 152, 153, 8, 154, 155, 8, 30, 1, 9, 1, 48, 54, 69, 2, 613, 1, 2, 70, 71, 72, 8, 26, 27, 10, 4, 92, 36, 24, 12, 156, 49, 109, 157, 158, 8, 159, 160, 161, 119, 1, 6, 14, 10, 3, 66, 67, 68, 5, 162, 1, 46, 8, 30, 1, 9, 1, 48, 57, 5, 229, 2, 25, 1, 2, 70, 71, 72, 5, 163, 31, 164, 4, 165, 36, 24, 166, 167, 2, 73, 110, 114, 168, 3, 74, 75, 169, 5, 170, 2, 171, 1, 172, 1, 173, 7, 174, 175, 1, 86, 93, 35, 176, 177, 94, 64, 4, 24, 44, 45, 5, 178, 13, 16, 18, 19, 20, 7, 1, 46, 8, 30, 5, 179, 13, 16, 18, 19, 20, 7, 1, 9, 5, 180, 13, 16, 18, 19, 20, 7, 1, 78, 5, 181, 13, 16, 18, 19, 20, 7, 1, 25, 5, 182, 13, 16, 18, 19, 20, 7, 1, 2, 76, 8, 26, 14, 5, 183, 13, 16, 18, 19, 20, 7, 42, 95, 4, 184, 65, 185, 17, 1, 47, 186, 31, 85, 187, 73, 74, 49, 34, 111, 84, 15, 6, 4, 188, 27, 10, 3, 24, 44, 45, 1, 46, 8, 30, 1, 9, 1, 1, 25, 1, 2, 76, 8, 26, 4, 36, 39, 40, 77, 189, 12, 190, 191, 98, 3, 29, 2, 15, 192, 193, 99, 97, 194, 11, 23, 24, 195, 2, 196, 100, 22, 197, 3, 6, 23, 10, 3, 34, 54]
[0, 1]
1
1
259
[48, 54, 69, 0]
[78, 0, 0, 0]
[151, 3, 66, 67, 68, 44, 45, 1, 152, 153, 8, 154, 155, 8, 30, 1, 9, 1, 613, 2, 63, 1, 2, 70, 71, 72, 8, 26, 27, 10, 4, 92, 36, 24, 12, 156, 49, 109, 157, 158, 8, 159, 160, 161, 119, 1, 6, 14, 10, 3, 66, 67, 68, 5, 162, 1, 46, 8, 30, 1, 9, 1, 48, 57, 5, 229, 2, 25, 1, 2, 70, 71, 72, 5, 163, 31, 164, 4, 165, 36, 24, 166, 167, 2, 73, 110, 114, 168, 3, 74, 75, 169, 5, 170, 2, 171, 1, 172, 1, 173, 7, 174, 175, 1, 86, 93, 35, 176, 177, 94, 64, 4, 24, 44, 45, 5, 178, 13, 16, 18, 19, 20, 7, 1, 46, 8, 30, 5, 179, 13, 16, 18, 19, 20, 7, 1, 9, 5, 180, 13, 16, 18, 19, 20, 7, 1, 78, 5, 181, 13, 16, 18, 19, 20, 7, 1, 25, 5, 182, 13, 16, 18, 19, 20, 7, 1, 2, 76, 8, 26, 14, 5, 183, 13, 16, 18, 19, 20, 7, 42, 95, 4, 184, 65, 185, 17, 1, 47, 186, 31, 85, 187, 73, 74, 49, 34, 111, 84, 15, 6, 4, 188, 27, 10, 3, 24, 44, 45, 1, 46, 8, 30, 1, 9, 1, 1, 25, 1, 2, 76, 8, 26, 4, 36, 39, 40, 77, 189, 12, 190, 191, 98, 3, 29, 2, 15, 192, 193, 99, 97, 194, 11, 23, 24, 195, 2, 196, 100, 22, 197, 3, 6, 23, 10, 3, 34, 54, 0, 0]
[0, 1]
3
1
257
[48, 54, 69, 0]
[63, 0, 0, 0]
[151, 3, 66, 67, 68, 44, 45, 1, 152, 153, 8, 154, 155, 8, 30, 1, 9, 1, 613, 2, 1, 2, 70, 71, 72, 8, 26, 27, 10, 4, 92, 36, 24, 12, 156, 49, 109, 157, 158, 8, 159, 160, 161, 119, 1, 6, 14, 10, 3, 66, 67, 68, 5, 162, 1, 46, 8, 30, 1, 9, 1, 48, 57, 5, 229, 2, 25, 1, 2, 70, 71, 72, 5, 163, 31, 164, 4, 165, 36, 24, 166, 167, 2, 73, 110, 114, 168, 3, 74, 75, 169, 5, 170, 2, 171, 1, 172, 1, 173, 7, 174, 175, 1, 86, 93, 35, 176, 177, 94, 64, 4, 24, 44, 45, 5, 178, 13, 16, 18, 19, 20, 7, 1, 46, 8, 30, 5, 179, 13, 16, 18, 19, 20, 7, 1, 9, 5, 180, 13, 16, 18, 19, 20, 7, 1, 78, 5, 181, 13, 16, 18, 19, 20, 7, 1, 25, 5, 182, 13, 16, 18, 19, 20, 7, 1, 2, 76, 8, 26, 14, 5, 183, 13, 16, 18, 19, 20, 7, 42, 95, 4, 184, 65, 185, 17, 1, 47, 186, 31, 85, 187, 73, 74, 49, 34, 111, 84, 15, 6, 4, 188, 27, 10, 3, 24, 44, 45, 1, 46, 8, 30, 1, 9, 1, 78, 1, 25, 1, 2, 76, 8, 26, 4, 36, 39, 40, 77, 189, 12, 190, 191, 98, 3, 29, 2, 15, 192, 193, 99, 97, 194, 11, 23, 24, 195, 2, 196, 100, 22, 197, 3, 6, 23, 10, 3, 34, 54, 0, 0]
[0, 1]
3
1
257
[9, 0, 0, 0]
[52, 0, 0, 0]
[51, 1, 52, 2, 9, 27, 10, 96, 120, 12, 33, 58, 2, 9, 11, 88, 6, 56, 3, 33, 58, 2, 9, 121, 21, 122, 123, 104, 4, 124, 125, 1, 87, 126, 9, 1, 48, 54, 5, 127, 7, 102, 1, 69, 2, 63, 1, 128, 59, 5, 28, 7, 1, 129, 130, 5, 131, 7, 2, 103, 8, 105, 59, 5, 132, 7, 14, 17, 4, 115, 39, 40, 5, 37, 7, 2, 133, 5, 41, 7, 2, 134, 5, 135, 7, 136, 39, 40, 4, 137, 138, 3, 38, 9, 23, 28, 14, 12, 139, 13, 1, 81, 14, 60, 1, 2, 52, 14, 17, 12, 140, 13, 4, 37, 1, 2, 23, 51, 14, 17, 60, 4, 41, 6, 89, 90, 141, 15, 613, 64, 6, 27, 10, 3, 51, 4, 41, 2, 15, 3, 81, 1, 2, 28, 4, 37, 1, 47, 142, 33, 143, 53, 35, 9, 1, 144, 28, 10, 4, 145, 0, 0, 0, 0, 0, 0, 0, 0, 0, 0, 0, 0, 0, 0, 0, 0, 0, 0, 0, 0, 0, 0, 0, 0, 0, 0, 0, 0, 0, 0, 0, 0, 0, 0, 0, 0, 0, 0, 0, 0, 0, 0, 0, 0, 0, 0, 0, 0, 0, 0, 0, 0, 0, 0, 0, 0, 0, 0, 0, 0, 0, 0, 0, 0, 0, 0, 0, 0, 0, 0, 0, 0, 0, 0, 0, 0, 0, 0, 0, 0, 0, 0, 0, 0, 0, 0, 0, 0, 0, 0, 0, 0, 0, 0, 0, 0, 0, 0, 0]
[1, 0]
1
1
160
[9, 0, 0, 0]
[51, 0, 0, 0]
[51, 1, 52, 2, 9, 27, 10, 96, 120, 12, 33, 58, 2, 9, 11, 88, 6, 56, 3, 33, 58, 2, 9, 121, 21, 122, 123, 104, 4, 124, 125, 1, 87, 126, 9, 1, 48, 54, 5, 127, 7, 102, 1, 69, 2, 63, 1, 128, 59, 5, 28, 7, 1, 129, 130, 5, 131, 7, 2, 103, 8, 105, 59, 5, 132, 7, 14, 17, 4, 115, 39, 40, 5, 37, 7, 2, 133, 5, 41, 7, 2, 134, 5, 135, 7, 136, 39, 40, 4, 137, 138, 3, 38, 9, 23, 28, 14, 12, 139, 13, 1, 81, 14, 60, 1, 2, 52, 14, 17, 12, 140, 13, 4, 37, 1, 2, 23, 51, 14, 17, 60, 4, 41, 6, 89, 90, 141, 15, 613, 64, 6, 27, 10, 3, 4, 41, 2, 15, 3, 81, 1, 52, 2, 28, 4, 37, 1, 47, 142, 33, 143, 53, 35, 9, 1, 144, 28, 10, 4, 145, 0, 0, 0, 0, 0, 0, 0, 0, 0, 0, 0, 0, 0, 0, 0, 0, 0, 0, 0, 0, 0, 0, 0, 0, 0, 0, 0, 0, 0, 0, 0, 0, 0, 0, 0, 0, 0, 0, 0, 0, 0, 0, 0, 0, 0, 0, 0, 0, 0, 0, 0, 0, 0, 0, 0, 0, 0, 0, 0, 0, 0, 0, 0, 0, 0, 0, 0, 0, 0, 0, 0, 0, 0, 0, 0, 0, 0, 0, 0, 0, 0, 0, 0, 0, 0, 0, 0, 0, 0, 0, 0, 0, 0, 0, 0, 0, 0, 0, 0]
[1, 0]
1
1
160
[9, 0, 0, 0]
[81, 0, 0, 0]
[51, 1, 52, 2, 9, 27, 10, 96, 120, 12, 33, 58, 2, 9, 11, 88, 6, 56, 3, 33, 58, 2, 9, 121, 21, 122, 123, 104, 4, 124, 125, 1, 87, 126, 9, 1, 48, 54, 5, 127, 7, 102, 1, 69, 2, 63, 1, 128, 59, 5, 28, 7, 1, 129, 130, 5, 131, 7, 2, 103, 8, 105, 59, 5, 132, 7, 14, 17, 4, 115, 39, 40, 5, 37, 7, 2, 133, 5, 41, 7, 2, 134, 5, 135, 7, 136, 39, 40, 4, 137, 138, 3, 38, 9, 23, 28, 14, 12, 139, 13, 1, 81, 14, 60, 1, 2, 52, 14, 17, 12, 140, 13, 4, 37, 1, 2, 23, 51, 14, 17, 60, 4, 41, 6, 89, 90, 141, 15, 613, 64, 6, 27, 10, 3, 51, 4, 41, 2, 15, 3, 1, 52, 2, 28, 4, 37, 1, 47, 142, 33, 143, 53, 35, 9, 1, 144, 28, 10, 4, 145, 0, 0, 0, 0, 0, 0, 0, 0, 0, 0, 0, 0, 0, 0, 0, 0, 0, 0, 0, 0, 0, 0, 0, 0, 0, 0, 0, 0, 0, 0, 0, 0, 0, 0, 0, 0, 0, 0, 0, 0, 0, 0, 0, 0, 0, 0, 0, 0, 0, 0, 0, 0, 0, 0, 0, 0, 0, 0, 0, 0, 0, 0, 0, 0, 0, 0, 0, 0, 0, 0, 0, 0, 0, 0, 0, 0, 0, 0, 0, 0, 0, 0, 0, 0, 0, 0, 0, 0, 0, 0, 0, 0, 0, 0, 0, 0, 0, 0, 0]
[1, 0]
1
1
160
[9, 0, 0, 0]
[52, 0, 0, 0]
[51, 1, 52, 2, 9, 27, 10, 96, 120, 12, 33, 58, 2, 9, 11, 88, 6, 56, 3, 33, 58, 2, 9, 121, 21, 122, 123, 104, 4, 124, 125, 1, 87, 126, 9, 1, 48, 54, 5, 127, 7, 102, 1, 69, 2, 63, 1, 128, 59, 5, 28, 7, 1, 129, 130, 5, 131, 7, 2, 103, 8, 105, 59, 5, 132, 7, 14, 17, 4, 115, 39, 40, 5, 37, 7, 2, 133, 5, 41, 7, 2, 134, 5, 135, 7, 136, 39, 40, 4, 137, 138, 3, 38, 613, 23, 28, 14, 12, 139, 13, 1, 81, 14, 60, 1, 2, 14, 17, 12, 140, 13, 4, 37, 1, 2, 23, 51, 14, 17, 60, 4, 41, 6, 89, 90, 141, 15, 9, 64, 6, 27, 10, 3, 51, 4, 41, 2, 15, 3, 81, 1, 52, 2, 28, 4, 37, 1, 47, 142, 33, 143, 53, 35, 9, 1, 144, 28, 10, 4, 145, 0, 0, 0, 0, 0, 0, 0, 0, 0, 0, 0, 0, 0, 0, 0, 0, 0, 0, 0, 0, 0, 0, 0, 0, 0, 0, 0, 0, 0, 0, 0, 0, 0, 0, 0, 0, 0, 0, 0, 0, 0, 0, 0, 0, 0, 0, 0, 0, 0, 0, 0, 0, 0, 0, 0, 0, 0, 0, 0, 0, 0, 0, 0, 0, 0, 0, 0, 0, 0, 0, 0, 0, 0, 0, 0, 0, 0, 0, 0, 0, 0, 0, 0, 0, 0, 0, 0, 0, 0, 0, 0, 0, 0, 0, 0, 0, 0, 0, 0]
[1, 0]
1
1
160
[9, 0, 0, 0]
[51, 0, 0, 0]
[51, 1, 52, 2, 9, 27, 10, 96, 120, 12, 33, 58, 2, 9, 11, 88, 6, 56, 3, 33, 58, 2, 9, 121, 21, 122, 123, 104, 4, 124, 125, 1, 87, 126, 9, 1, 48, 54, 5, 127, 7, 102, 1, 69, 2, 63, 1, 128, 59, 5, 28, 7, 1, 129, 130, 5, 131, 7, 2, 103, 8, 105, 59, 5, 132, 7, 14, 17, 4, 115, 39, 40, 5, 37, 7, 2, 133, 5, 41, 7, 2, 134, 5, 135, 7, 136, 39, 40, 4, 137, 138, 3, 38, 613, 23, 28, 14, 12, 139, 13, 1, 81, 14, 60, 1, 2, 52, 14, 17, 12, 140, 13, 4, 37, 1, 2, 23, 14, 17, 60, 4, 41, 6, 89, 90, 141, 15, 9, 64, 6, 27, 10, 3, 51, 4, 41, 2, 15, 3, 81, 1, 52, 2, 28, 4, 37, 1, 47, 142, 33, 143, 53, 35, 9, 1, 144, 28, 10, 4, 145, 0, 0, 0, 0, 0, 0, 0, 0, 0, 0, 0, 0, 0, 0, 0, 0, 0, 0, 0, 0, 0, 0, 0, 0, 0, 0, 0, 0, 0, 0, 0, 0, 0, 0, 0, 0, 0, 0, 0, 0, 0, 0, 0, 0, 0, 0, 0, 0, 0, 0, 0, 0, 0, 0, 0, 0, 0, 0, 0, 0, 0, 0, 0, 0, 0, 0, 0, 0, 0, 0, 0, 0, 0, 0, 0, 0, 0, 0, 0, 0, 0, 0, 0, 0, 0, 0, 0, 0, 0, 0, 0, 0, 0, 0, 0, 0, 0, 0, 0]
[1, 0]
1
1
160
[52, 0, 0, 0]
[9, 0, 0, 0]
[51, 1, 613, 2, 9, 27, 10, 96, 120, 12, 33, 58, 2, 11, 88, 6, 56, 3, 33, 58, 2, 9, 121, 21, 122, 123, 104, 4, 124, 125, 1, 87, 126, 9, 1, 48, 54, 5, 127, 7, 102, 1, 69, 2, 63, 1, 128, 59, 5, 28, 7, 1, 129, 130, 5, 131, 7, 2, 103, 8, 105, 59, 5, 132, 7, 14, 17, 4, 115, 39, 40, 5, 37, 7, 2, 133, 5, 41, 7, 2, 134, 5, 135, 7, 136, 39, 40, 4, 137, 138, 3, 38, 9, 23, 28, 14, 12, 139, 13, 1, 81, 14, 60, 1, 2, 52, 14, 17, 12, 140, 13, 4, 37, 1, 2, 23, 51, 14, 17, 60, 4, 41, 6, 89, 90, 141, 15, 9, 64, 6, 27, 10, 3, 51, 4, 41, 2, 15, 3, 81, 1, 52, 2, 28, 4, 37, 1, 47, 142, 33, 143, 53, 35, 9, 1, 144, 28, 10, 4, 145, 0, 0, 0, 0, 0, 0, 0, 0, 0, 0, 0, 0, 0, 0, 0, 0, 0, 0, 0, 0, 0, 0, 0, 0, 0, 0, 0, 0, 0, 0, 0, 0, 0, 0, 0, 0, 0, 0, 0, 0, 0, 0, 0, 0, 0, 0, 0, 0, 0, 0, 0, 0, 0, 0, 0, 0, 0, 0, 0, 0, 0, 0, 0, 0, 0, 0, 0, 0, 0, 0, 0, 0, 0, 0, 0, 0, 0, 0, 0, 0, 0, 0, 0, 0, 0, 0, 0, 0, 0, 0, 0, 0, 0, 0, 0, 0, 0, 0, 0]
[1, 0]
1
1
160
[9, 0, 0, 0]
[81, 0, 0, 0]
[51, 1, 52, 2, 9, 27, 10, 96, 120, 12, 33, 58, 2, 9, 11, 88, 6, 56, 3, 33, 58, 2, 9, 121, 21, 122, 123, 104, 4, 124, 125, 1, 87, 126, 9, 1, 48, 54, 5, 127, 7, 102, 1, 69, 2, 63, 1, 128, 59, 5, 28, 7, 1, 129, 130, 5, 131, 7, 2, 103, 8, 105, 59, 5, 132, 7, 14, 17, 4, 115, 39, 40, 5, 37, 7, 2, 133, 5, 41, 7, 2, 134, 5, 135, 7, 136, 39, 40, 4, 137, 138, 3, 38, 613, 23, 28, 14, 12, 139, 13, 1, 14, 60, 1, 2, 52, 14, 17, 12, 140, 13, 4, 37, 1, 2, 23, 51, 14, 17, 60, 4, 41, 6, 89, 90, 141, 15, 9, 64, 6, 27, 10, 3, 51, 4, 41, 2, 15, 3, 81, 1, 52, 2, 28, 4, 37, 1, 47, 142, 33, 143, 53, 35, 9, 1, 144, 28, 10, 4, 145, 0, 0, 0, 0, 0, 0, 0, 0, 0, 0, 0, 0, 0, 0, 0, 0, 0, 0, 0, 0, 0, 0, 0, 0, 0, 0, 0, 0, 0, 0, 0, 0, 0, 0, 0, 0, 0, 0, 0, 0, 0, 0, 0, 0, 0, 0, 0, 0, 0, 0, 0, 0, 0, 0, 0, 0, 0, 0, 0, 0, 0, 0, 0, 0, 0, 0, 0, 0, 0, 0, 0, 0, 0, 0, 0, 0, 0, 0, 0, 0, 0, 0, 0, 0, 0, 0, 0, 0, 0, 0, 0, 0, 0, 0, 0, 0, 0, 0, 0]
[1, 0]
1
1
160
[51, 0, 0, 0]
[9, 0, 0, 0]
[613, 1, 52, 2, 9, 27, 10, 96, 120, 12, 33, 58, 2, 11, 88, 6, 56, 3, 33, 58, 2, 9, 121, 21, 122, 123, 104, 4, 124, 125, 1, 87, 126, 9, 1, 48, 54, 5, 127, 7, 102, 1, 69, 2, 63, 1, 128, 59, 5, 28, 7, 1, 129, 130, 5, 131, 7, 2, 103, 8, 105, 59, 5, 132, 7, 14, 17, 4, 115, 39, 40, 5, 37, 7, 2, 133, 5, 41, 7, 2, 134, 5, 135, 7, 136, 39, 40, 4, 137, 138, 3, 38, 9, 23, 28, 14, 12, 139, 13, 1, 81, 14, 60, 1, 2, 52, 14, 17, 12, 140, 13, 4, 37, 1, 2, 23, 51, 14, 17, 60, 4, 41, 6, 89, 90, 141, 15, 9, 64, 6, 27, 10, 3, 51, 4, 41, 2, 15, 3, 81, 1, 52, 2, 28, 4, 37, 1, 47, 142, 33, 143, 53, 35, 9, 1, 144, 28, 10, 4, 145, 0, 0, 0, 0, 0, 0, 0, 0, 0, 0, 0, 0, 0, 0, 0, 0, 0, 0, 0, 0, 0, 0, 0, 0, 0, 0, 0, 0, 0, 0, 0, 0, 0, 0, 0, 0, 0, 0, 0, 0, 0, 0, 0, 0, 0, 0, 0, 0, 0, 0, 0, 0, 0, 0, 0, 0, 0, 0, 0, 0, 0, 0, 0, 0, 0, 0, 0, 0, 0, 0, 0, 0, 0, 0, 0, 0, 0, 0, 0, 0, 0, 0, 0, 0, 0, 0, 0, 0, 0, 0, 0, 0, 0, 0, 0, 0, 0, 0, 0]
[1, 0]
1
1
160
[51, 0, 0, 0]
[52, 0, 0, 0]
[613, 1, 2, 9, 27, 10, 96, 120, 12, 33, 58, 2, 9, 11, 88, 6, 56, 3, 33, 58, 2, 9, 121, 21, 122, 123, 104, 4, 124, 125, 1, 87, 126, 9, 1, 48, 54, 5, 127, 7, 102, 1, 69, 2, 63, 1, 128, 59, 5, 28, 7, 1, 129, 130, 5, 131, 7, 2, 103, 8, 105, 59, 5, 132, 7, 14, 17, 4, 115, 39, 40, 5, 37, 7, 2, 133, 5, 41, 7, 2, 134, 5, 135, 7, 136, 39, 40, 4, 137, 138, 3, 38, 9, 23, 28, 14, 12, 139, 13, 1, 81, 14, 60, 1, 2, 52, 14, 17, 12, 140, 13, 4, 37, 1, 2, 23, 51, 14, 17, 60, 4, 41, 6, 89, 90, 141, 15, 9, 64, 6, 27, 10, 3, 51, 4, 41, 2, 15, 3, 81, 1, 52, 2, 28, 4, 37, 1, 47, 142, 33, 143, 53, 35, 9, 1, 144, 28, 10, 4, 145, 0, 0, 0, 0, 0, 0, 0, 0, 0, 0, 0, 0, 0, 0, 0, 0, 0, 0, 0, 0, 0, 0, 0, 0, 0, 0, 0, 0, 0, 0, 0, 0, 0, 0, 0, 0, 0, 0, 0, 0, 0, 0, 0, 0, 0, 0, 0, 0, 0, 0, 0, 0, 0, 0, 0, 0, 0, 0, 0, 0, 0, 0, 0, 0, 0, 0, 0, 0, 0, 0, 0, 0, 0, 0, 0, 0, 0, 0, 0, 0, 0, 0, 0, 0, 0, 0, 0, 0, 0, 0, 0, 0, 0, 0, 0, 0, 0, 0, 0]
[0, 1]
1
1
160
[51, 0, 0, 0]
[48, 54, 0, 0]
[613, 1, 52, 2, 9, 27, 10, 96, 120, 12, 33, 58, 2, 9, 11, 88, 6, 56, 3, 33, 58, 2, 9, 121, 21, 122, 123, 104, 4, 124, 125, 1, 87, 126, 9, 1, 5, 127, 7, 102, 1, 69, 2, 63, 1, 128, 59, 5, 28, 7, 1, 129, 130, 5, 131, 7, 2, 103, 8, 105, 59, 5, 132, 7, 14, 17, 4, 115, 39, 40, 5, 37, 7, 2, 133, 5, 41, 7, 2, 134, 5, 135, 7, 136, 39, 40, 4, 137, 138, 3, 38, 9, 23, 28, 14, 12, 139, 13, 1, 81, 14, 60, 1, 2, 52, 14, 17, 12, 140, 13, 4, 37, 1, 2, 23, 51, 14, 17, 60, 4, 41, 6, 89, 90, 141, 15, 9, 64, 6, 27, 10, 3, 51, 4, 41, 2, 15, 3, 81, 1, 52, 2, 28, 4, 37, 1, 47, 142, 33, 143, 53, 35, 9, 1, 144, 28, 10, 4, 145, 0, 0, 0, 0, 0, 0, 0, 0, 0, 0, 0, 0, 0, 0, 0, 0, 0, 0, 0, 0, 0, 0, 0, 0, 0, 0, 0, 0, 0, 0, 0, 0, 0, 0, 0, 0, 0, 0, 0, 0, 0, 0, 0, 0, 0, 0, 0, 0, 0, 0, 0, 0, 0, 0, 0, 0, 0, 0, 0, 0, 0, 0, 0, 0, 0, 0, 0, 0, 0, 0, 0, 0, 0, 0, 0, 0, 0, 0, 0, 0, 0, 0, 0, 0, 0, 0, 0, 0, 0, 0, 0, 0, 0, 0, 0, 0, 0, 0, 0, 0]
[0, 1]
1
2
159
[51, 0, 0, 0]
[81, 0, 0, 0]
[613, 1, 52, 2, 9, 27, 10, 96, 120, 12, 33, 58, 2, 9, 11, 88, 6, 56, 3, 33, 58, 2, 9, 121, 21, 122, 123, 104, 4, 124, 125, 1, 87, 126, 9, 1, 48, 54, 5, 127, 7, 102, 1, 69, 2, 63, 1, 128, 59, 5, 28, 7, 1, 129, 130, 5, 131, 7, 2, 103, 8, 105, 59, 5, 132, 7, 14, 17, 4, 115, 39, 40, 5, 37, 7, 2, 133, 5, 41, 7, 2, 134, 5, 135, 7, 136, 39, 40, 4, 137, 138, 3, 38, 9, 23, 28, 14, 12, 139, 13, 1, 81, 14, 60, 1, 2, 52, 14, 17, 12, 140, 13, 4, 37, 1, 2, 23, 51, 14, 17, 60, 4, 41, 6, 89, 90, 141, 15, 9, 64, 6, 27, 10, 3, 51, 4, 41, 2, 15, 3, 1, 52, 2, 28, 4, 37, 1, 47, 142, 33, 143, 53, 35, 9, 1, 144, 28, 10, 4, 145, 0, 0, 0, 0, 0, 0, 0, 0, 0, 0, 0, 0, 0, 0, 0, 0, 0, 0, 0, 0, 0, 0, 0, 0, 0, 0, 0, 0, 0, 0, 0, 0, 0, 0, 0, 0, 0, 0, 0, 0, 0, 0, 0, 0, 0, 0, 0, 0, 0, 0, 0, 0, 0, 0, 0, 0, 0, 0, 0, 0, 0, 0, 0, 0, 0, 0, 0, 0, 0, 0, 0, 0, 0, 0, 0, 0, 0, 0, 0, 0, 0, 0, 0, 0, 0, 0, 0, 0, 0, 0, 0, 0, 0, 0, 0, 0, 0, 0, 0]
[0, 1]
1
1
160
[9, 0, 0, 0]
[48, 54, 0, 0]
[51, 1, 52, 2, 613, 27, 10, 96, 120, 12, 33, 58, 2, 9, 11, 88, 6, 56, 3, 33, 58, 2, 9, 121, 21, 122, 123, 104, 4, 124, 125, 1, 87, 126, 9, 1, 5, 127, 7, 102, 1, 69, 2, 63, 1, 128, 59, 5, 28, 7, 1, 129, 130, 5, 131, 7, 2, 103, 8, 105, 59, 5, 132, 7, 14, 17, 4, 115, 39, 40, 5, 37, 7, 2, 133, 5, 41, 7, 2, 134, 5, 135, 7, 136, 39, 40, 4, 137, 138, 3, 38, 9, 23, 28, 14, 12, 139, 13, 1, 81, 14, 60, 1, 2, 52, 14, 17, 12, 140, 13, 4, 37, 1, 2, 23, 51, 14, 17, 60, 4, 41, 6, 89, 90, 141, 15, 9, 64, 6, 27, 10, 3, 51, 4, 41, 2, 15, 3, 81, 1, 52, 2, 28, 4, 37, 1, 47, 142, 33, 143, 53, 35, 9, 1, 144, 28, 10, 4, 145, 0, 0, 0, 0, 0, 0, 0, 0, 0, 0, 0, 0, 0, 0, 0, 0, 0, 0, 0, 0, 0, 0, 0, 0, 0, 0, 0, 0, 0, 0, 0, 0, 0, 0, 0, 0, 0, 0, 0, 0, 0, 0, 0, 0, 0, 0, 0, 0, 0, 0, 0, 0, 0, 0, 0, 0, 0, 0, 0, 0, 0, 0, 0, 0, 0, 0, 0, 0, 0, 0, 0, 0, 0, 0, 0, 0, 0, 0, 0, 0, 0, 0, 0, 0, 0, 0, 0, 0, 0, 0, 0, 0, 0, 0, 0, 0, 0, 0, 0, 0]
[0, 1]
1
2
159
[52, 0, 0, 0]
[48, 54, 0, 0]
[51, 1, 613, 2, 9, 27, 10, 96, 120, 12, 33, 58, 2, 9, 11, 88, 6, 56, 3, 33, 58, 2, 9, 121, 21, 122, 123, 104, 4, 124, 125, 1, 87, 126, 9, 1, 5, 127, 7, 102, 1, 69, 2, 63, 1, 128, 59, 5, 28, 7, 1, 129, 130, 5, 131, 7, 2, 103, 8, 105, 59, 5, 132, 7, 14, 17, 4, 115, 39, 40, 5, 37, 7, 2, 133, 5, 41, 7, 2, 134, 5, 135, 7, 136, 39, 40, 4, 137, 138, 3, 38, 9, 23, 28, 14, 12, 139, 13, 1, 81, 14, 60, 1, 2, 52, 14, 17, 12, 140, 13, 4, 37, 1, 2, 23, 51, 14, 17, 60, 4, 41, 6, 89, 90, 141, 15, 9, 64, 6, 27, 10, 3, 51, 4, 41, 2, 15, 3, 81, 1, 52, 2, 28, 4, 37, 1, 47, 142, 33, 143, 53, 35, 9, 1, 144, 28, 10, 4, 145, 0, 0, 0, 0, 0, 0, 0, 0, 0, 0, 0, 0, 0, 0, 0, 0, 0, 0, 0, 0, 0, 0, 0, 0, 0, 0, 0, 0, 0, 0, 0, 0, 0, 0, 0, 0, 0, 0, 0, 0, 0, 0, 0, 0, 0, 0, 0, 0, 0, 0, 0, 0, 0, 0, 0, 0, 0, 0, 0, 0, 0, 0, 0, 0, 0, 0, 0, 0, 0, 0, 0, 0, 0, 0, 0, 0, 0, 0, 0, 0, 0, 0, 0, 0, 0, 0, 0, 0, 0, 0, 0, 0, 0, 0, 0, 0, 0, 0, 0, 0]
[0, 1]
1
2
159
[52, 0, 0, 0]
[81, 0, 0, 0]
[51, 1, 613, 2, 9, 27, 10, 96, 120, 12, 33, 58, 2, 9, 11, 88, 6, 56, 3, 33, 58, 2, 9, 121, 21, 122, 123, 104, 4, 124, 125, 1, 87, 126, 9, 1, 48, 54, 5, 127, 7, 102, 1, 69, 2, 63, 1, 128, 59, 5, 28, 7, 1, 129, 130, 5, 131, 7, 2, 103, 8, 105, 59, 5, 132, 7, 14, 17, 4, 115, 39, 40, 5, 37, 7, 2, 133, 5, 41, 7, 2, 134, 5, 135, 7, 136, 39, 40, 4, 137, 138, 3, 38, 9, 23, 28, 14, 12, 139, 13, 1, 81, 14, 60, 1, 2, 52, 14, 17, 12, 140, 13, 4, 37, 1, 2, 23, 51, 14, 17, 60, 4, 41, 6, 89, 90, 141, 15, 9, 64, 6, 27, 10, 3, 51, 4, 41, 2, 15, 3, 1, 52, 2, 28, 4, 37, 1, 47, 142, 33, 143, 53, 35, 9, 1, 144, 28, 10, 4, 145, 0, 0, 0, 0, 0, 0, 0, 0, 0, 0, 0, 0, 0, 0, 0, 0, 0, 0, 0, 0, 0, 0, 0, 0, 0, 0, 0, 0, 0, 0, 0, 0, 0, 0, 0, 0, 0, 0, 0, 0, 0, 0, 0, 0, 0, 0, 0, 0, 0, 0, 0, 0, 0, 0, 0, 0, 0, 0, 0, 0, 0, 0, 0, 0, 0, 0, 0, 0, 0, 0, 0, 0, 0, 0, 0, 0, 0, 0, 0, 0, 0, 0, 0, 0, 0, 0, 0, 0, 0, 0, 0, 0, 0, 0, 0, 0, 0, 0, 0]
[0, 1]
1
1
160
[48, 54, 0, 0]
[9, 0, 0, 0]
[51, 1, 52, 2, 9, 27, 10, 96, 120, 12, 33, 58, 2, 9, 11, 88, 6, 56, 3, 33, 58, 2, 9, 121, 21, 122, 123, 104, 4, 124, 125, 1, 87, 126, 9, 1, 613, 5, 127, 7, 102, 1, 69, 2, 63, 1, 128, 59, 5, 28, 7, 1, 129, 130, 5, 131, 7, 2, 103, 8, 105, 59, 5, 132, 7, 14, 17, 4, 115, 39, 40, 5, 37, 7, 2, 133, 5, 41, 7, 2, 134, 5, 135, 7, 136, 39, 40, 4, 137, 138, 3, 38, 23, 28, 14, 12, 139, 13, 1, 81, 14, 60, 1, 2, 52, 14, 17, 12, 140, 13, 4, 37, 1, 2, 23, 51, 14, 17, 60, 4, 41, 6, 89, 90, 141, 15, 9, 64, 6, 27, 10, 3, 51, 4, 41, 2, 15, 3, 81, 1, 52, 2, 28, 4, 37, 1, 47, 142, 33, 143, 53, 35, 9, 1, 144, 28, 10, 4, 145, 0, 0, 0, 0, 0, 0, 0, 0, 0, 0, 0, 0, 0, 0, 0, 0, 0, 0, 0, 0, 0, 0, 0, 0, 0, 0, 0, 0, 0, 0, 0, 0, 0, 0, 0, 0, 0, 0, 0, 0, 0, 0, 0, 0, 0, 0, 0, 0, 0, 0, 0, 0, 0, 0, 0, 0, 0, 0, 0, 0, 0, 0, 0, 0, 0, 0, 0, 0, 0, 0, 0, 0, 0, 0, 0, 0, 0, 0, 0, 0, 0, 0, 0, 0, 0, 0, 0, 0, 0, 0, 0, 0, 0, 0, 0, 0, 0, 0, 0, 0]
[0, 1]
2
1
159
[48, 54, 0, 0]
[81, 0, 0, 0]
[51, 1, 52, 2, 9, 27, 10, 96, 120, 12, 33, 58, 2, 9, 11, 88, 6, 56, 3, 33, 58, 2, 9, 121, 21, 122, 123, 104, 4, 124, 125, 1, 87, 126, 9, 1, 613, 5, 127, 7, 102, 1, 69, 2, 63, 1, 128, 59, 5, 28, 7, 1, 129, 130, 5, 131, 7, 2, 103, 8, 105, 59, 5, 132, 7, 14, 17, 4, 115, 39, 40, 5, 37, 7, 2, 133, 5, 41, 7, 2, 134, 5, 135, 7, 136, 39, 40, 4, 137, 138, 3, 38, 9, 23, 28, 14, 12, 139, 13, 1, 81, 14, 60, 1, 2, 52, 14, 17, 12, 140, 13, 4, 37, 1, 2, 23, 51, 14, 17, 60, 4, 41, 6, 89, 90, 141, 15, 9, 64, 6, 27, 10, 3, 51, 4, 41, 2, 15, 3, 1, 52, 2, 28, 4, 37, 1, 47, 142, 33, 143, 53, 35, 9, 1, 144, 28, 10, 4, 145, 0, 0, 0, 0, 0, 0, 0, 0, 0, 0, 0, 0, 0, 0, 0, 0, 0, 0, 0, 0, 0, 0, 0, 0, 0, 0, 0, 0, 0, 0, 0, 0, 0, 0, 0, 0, 0, 0, 0, 0, 0, 0, 0, 0, 0, 0, 0, 0, 0, 0, 0, 0, 0, 0, 0, 0, 0, 0, 0, 0, 0, 0, 0, 0, 0, 0, 0, 0, 0, 0, 0, 0, 0, 0, 0, 0, 0, 0, 0, 0, 0, 0, 0, 0, 0, 0, 0, 0, 0, 0, 0, 0, 0, 0, 0, 0, 0, 0, 0, 0]
[0, 1]
2
1
159
[116, 0, 0, 0]
[117, 0, 0, 0]
[87, 259, 381, 382, 15, 116, 230, 22, 57, 248, 201, 5, 383, 223, 4, 219, 202, 2, 384, 4, 237, 238, 239, 112, 4, 34, 112, 1, 613, 218, 230, 6, 231, 3, 232, 6, 385, 11, 6, 386, 251, 86, 77, 367, 62, 110, 387, 1, 53, 6, 209, 329, 240, 11, 57, 248, 201, 203, 15, 388, 219, 91, 259, 35, 252, 330, 368, 11, 389, 331, 6, 101, 57, 260, 252, 390, 4, 391, 2, 77, 235, 12, 117, 4, 392, 1, 393, 42, 394, 395, 11, 88, 200, 116, 332, 236, 101, 106, 4, 6, 237, 238, 239, 1, 2, 11, 88, 200, 118, 396, 332, 107, 397, 398, 65, 117, 231, 2, 6, 202, 3, 219, 87, 361, 15, 96, 5, 102, 7, 116, 230, 22, 333, 1, 2, 399, 1, 106, 3, 6, 101, 57, 4, 6, 237, 238, 239, 16, 5, 69, 7, 331, 6, 116, 8, 80, 223, 4, 101, 106, 400, 401, 402, 4, 34, 112, 334, 93, 117, 403, 8, 404, 1, 101, 106, 99, 405, 22, 369, 105, 370, 3, 6, 362, 3, 117, 203, 334, 6, 231, 406, 16, 5, 63, 7, 6, 407, 408, 409, 371, 101, 106, 2, 6, 333, 410, 202, 3, 219, 411, 15, 101, 106, 99, 107, 104, 4, 6, 412, 209, 329, 15, 413, 335, 3, 6, 103, 228, 0, 0, 0, 0, 0, 0, 0, 0, 0, 0, 0, 0, 0, 0, 0, 0, 0, 0, 0, 0, 0, 0, 0, 0, 0, 0, 0, 0, 0, 0, 0]
[1, 0]
1
1
228
[116, 0, 0, 0]
[57, 248, 201, 0]
[87, 259, 381, 382, 15, 613, 230, 22, 5, 383, 223, 4, 219, 202, 2, 384, 4, 237, 238, 239, 112, 4, 34, 112, 1, 116, 218, 230, 6, 231, 3, 117, 232, 6, 385, 11, 6, 386, 251, 86, 77, 367, 62, 110, 387, 1, 53, 6, 209, 329, 240, 11, 57, 248, 201, 203, 15, 388, 219, 91, 259, 35, 252, 330, 368, 11, 389, 331, 6, 101, 57, 260, 252, 390, 4, 391, 2, 77, 235, 12, 117, 4, 392, 1, 393, 42, 394, 395, 11, 88, 200, 116, 332, 236, 101, 106, 4, 6, 237, 238, 239, 1, 2, 11, 88, 200, 118, 396, 332, 107, 397, 398, 65, 117, 231, 2, 6, 202, 3, 219, 87, 361, 15, 96, 5, 102, 7, 116, 230, 22, 333, 1, 2, 399, 1, 106, 3, 6, 101, 57, 4, 6, 237, 238, 239, 16, 5, 69, 7, 331, 6, 116, 8, 80, 223, 4, 101, 106, 400, 401, 402, 4, 34, 112, 334, 93, 117, 403, 8, 404, 1, 101, 106, 99, 405, 22, 369, 105, 370, 3, 6, 362, 3, 117, 203, 334, 6, 231, 406, 16, 5, 63, 7, 6, 407, 408, 409, 371, 101, 106, 2, 6, 333, 410, 202, 3, 219, 411, 15, 101, 106, 99, 107, 104, 4, 6, 412, 209, 329, 15, 413, 335, 3, 6, 103, 228, 0, 0, 0, 0, 0, 0, 0, 0, 0, 0, 0, 0, 0, 0, 0, 0, 0, 0, 0, 0, 0, 0, 0, 0, 0, 0, 0, 0, 0, 0, 0, 0, 0]
[1, 0]
1
3
226
[57, 248, 201, 0]
[117, 0, 0, 0]
[87, 259, 381, 382, 15, 116, 230, 22, 57, 248, 201, 5, 383, 223, 4, 219, 202, 2, 384, 4, 237, 238, 239, 112, 4, 34, 112, 1, 116, 218, 230, 6, 231, 3, 117, 232, 6, 385, 11, 6, 386, 251, 86, 77, 367, 62, 110, 387, 1, 53, 6, 209, 329, 240, 11, 613, 203, 15, 388, 219, 91, 259, 35, 252, 330, 368, 11, 389, 331, 6, 101, 57, 260, 252, 390, 4, 391, 2, 77, 235, 12, 4, 392, 1, 393, 42, 394, 395, 11, 88, 200, 116, 332, 236, 101, 106, 4, 6, 237, 238, 239, 1, 2, 11, 88, 200, 118, 396, 332, 107, 397, 398, 65, 117, 231, 2, 6, 202, 3, 219, 87, 361, 15, 96, 5, 102, 7, 116, 230, 22, 333, 1, 2, 399, 1, 106, 3, 6, 101, 57, 4, 6, 237, 238, 239, 16, 5, 69, 7, 331, 6, 116, 8, 80, 223, 4, 101, 106, 400, 401, 402, 4, 34, 112, 334, 93, 117, 403, 8, 404, 1, 101, 106, 99, 405, 22, 369, 105, 370, 3, 6, 362, 3, 117, 203, 334, 6, 231, 406, 16, 5, 63, 7, 6, 407, 408, 409, 371, 101, 106, 2, 6, 333, 410, 202, 3, 219, 411, 15, 101, 106, 99, 107, 104, 4, 6, 412, 209, 329, 15, 413, 335, 3, 6, 103, 228, 0, 0, 0, 0, 0, 0, 0, 0, 0, 0, 0, 0, 0, 0, 0, 0, 0, 0, 0, 0, 0, 0, 0, 0, 0, 0, 0, 0, 0, 0, 0, 0, 0]
[0, 1]
3
1
226
[32, 0, 0, 0]
[0, 0, 0, 0]
[6, 56, 3, 336, 337, 26, 5, 220, 26, 7, 21, 209, 79, 61, 261, 5, 146, 221, 7, 2, 338, 414, 5, 241, 7, 242, 4, 92, 339, 112, 42, 340, 2, 341, 11, 6, 56, 3, 32, 4, 150, 1, 6, 342, 3, 32, 11, 343, 241, 2, 146, 221, 42, 344, 2, 98, 3, 113, 79, 61, 1, 2, 210, 107, 345, 12, 346, 347, 2, 348, 349, 1, 53, 35, 12, 350, 6, 233, 3, 220, 26, 351, 21, 113, 79, 61, 1, 47, 613, 352, 6, 353, 8, 57, 8, 262, 243, 8, 201, 8, 8, 79, 61, 354, 8, 355, 356, 1, 357, 12, 6, 358, 3, 113, 79, 61, 0, 0, 0, 0, 0, 0, 0, 0, 0, 0, 0, 0, 0, 0, 0, 0, 0, 0, 0, 0, 0, 0, 0, 0, 0, 0, 0, 0, 0, 0, 0, 0, 0, 0, 0, 0, 0, 0, 0, 0, 0, 0, 0, 0, 0, 0, 0, 0, 0, 0, 0, 0, 0, 0, 0, 0, 0, 0, 0, 0, 0, 0, 0, 0, 0, 0, 0, 0, 0, 0, 0, 0, 0, 0, 0, 0, 0, 0, 0, 0, 0, 0, 0, 0, 0, 0, 0, 0, 0, 0, 0, 0, 0, 0, 0, 0, 0, 0, 0, 0, 0, 0, 0, 0, 0, 0, 0, 0, 0, 0, 0, 0, 0, 0, 0, 0, 0, 0, 0, 0, 0, 0, 0, 0, 0, 0, 0, 0, 0, 0, 0, 0, 0, 0, 0, 0, 0, 0, 0, 0, 0, 0, 0]
[1, 0]
1
1
116
[32, 0, 0, 0]
[241, 0, 0, 0]
[6, 56, 3, 336, 337, 26, 5, 220, 26, 7, 21, 209, 79, 61, 261, 5, 146, 221, 7, 2, 338, 414, 5, 241, 7, 242, 4, 92, 339, 112, 42, 340, 2, 341, 11, 6, 56, 3, 32, 4, 150, 1, 6, 342, 3, 613, 11, 343, 2, 146, 221, 42, 344, 2, 98, 3, 113, 79, 61, 1, 2, 210, 107, 345, 12, 346, 347, 2, 348, 349, 1, 53, 35, 12, 350, 6, 233, 3, 220, 26, 351, 21, 113, 79, 61, 1, 47, 32, 352, 6, 353, 8, 57, 8, 262, 243, 8, 201, 8, 415, 61, 354, 8, 355, 356, 1, 357, 12, 6, 358, 3, 113, 79, 61, 0, 0, 0, 0, 0, 0, 0, 0, 0, 0, 0, 0, 0, 0, 0, 0, 0, 0, 0, 0, 0, 0, 0, 0, 0, 0, 0, 0, 0, 0, 0, 0, 0, 0, 0, 0, 0, 0, 0, 0, 0, 0, 0, 0, 0, 0, 0, 0, 0, 0, 0, 0, 0, 0, 0, 0, 0, 0, 0, 0, 0, 0, 0, 0, 0, 0, 0, 0, 0, 0, 0, 0, 0, 0, 0, 0, 0, 0, 0, 0, 0, 0, 0, 0, 0, 0, 0, 0, 0, 0, 0, 0, 0, 0, 0, 0, 0, 0, 0, 0, 0, 0, 0, 0, 0, 0, 0, 0, 0, 0, 0, 0, 0, 0, 0, 0, 0, 0, 0, 0, 0, 0, 0, 0, 0, 0, 0, 0, 0, 0, 0, 0, 0, 0, 0, 0, 0, 0, 0, 0, 0, 0, 0, 0, 0]
[1, 0]
1
1
114
[241, 0, 0, 0]
[0, 0, 0, 0]
[6, 56, 3, 336, 337, 26, 5, 220, 26, 7, 21, 209, 79, 61, 261, 5, 146, 221, 7, 2, 338, 414, 5, 241, 7, 242, 4, 92, 339, 112, 42, 340, 2, 341, 11, 6, 56, 3, 32, 4, 150, 1, 6, 342, 3, 32, 11, 343, 613, 2, 146, 221, 42, 344, 2, 98, 3, 113, 79, 61, 1, 2, 210, 107, 345, 12, 346, 347, 2, 348, 349, 1, 53, 35, 12, 350, 6, 233, 3, 220, 26, 351, 21, 113, 79, 61, 1, 47, 32, 352, 6, 353, 8, 57, 8, 262, 243, 8, 201, 8, 8, 79, 61, 354, 8, 355, 356, 1, 357, 12, 6, 358, 3, 113, 79, 61, 0, 0, 0, 0, 0, 0, 0, 0, 0, 0, 0, 0, 0, 0, 0, 0, 0, 0, 0, 0, 0, 0, 0, 0, 0, 0, 0, 0, 0, 0, 0, 0, 0, 0, 0, 0, 0, 0, 0, 0, 0, 0, 0, 0, 0, 0, 0, 0, 0, 0, 0, 0, 0, 0, 0, 0, 0, 0, 0, 0, 0, 0, 0, 0, 0, 0, 0, 0, 0, 0, 0, 0, 0, 0, 0, 0, 0, 0, 0, 0, 0, 0, 0, 0, 0, 0, 0, 0, 0, 0, 0, 0, 0, 0, 0, 0, 0, 0, 0, 0, 0, 0, 0, 0, 0, 0, 0, 0, 0, 0, 0, 0, 0, 0, 0, 0, 0, 0, 0, 0, 0, 0, 0, 0, 0, 0, 0, 0, 0, 0, 0, 0, 0, 0, 0, 0, 0, 0, 0, 0, 0, 0, 0]
[0, 1]
1
1
116
[338, 414, 0, 0]
[0, 0, 0, 0]
[6, 56, 3, 336, 337, 26, 5, 220, 26, 7, 21, 209, 79, 61, 261, 5, 146, 221, 7, 2, 613, 5, 241, 7, 242, 4, 92, 339, 112, 42, 340, 2, 341, 11, 6, 56, 3, 32, 4, 150, 1, 6, 342, 3, 32, 11, 343, 241, 2, 146, 221, 42, 344, 2, 98, 3, 113, 79, 61, 1, 2, 210, 107, 345, 12, 346, 347, 2, 348, 349, 1, 53, 35, 12, 350, 6, 233, 3, 220, 26, 351, 21, 113, 79, 61, 1, 47, 32, 352, 6, 353, 8, 57, 8, 262, 243, 8, 201, 8, 8, 79, 61, 354, 8, 355, 356, 1, 357, 12, 6, 358, 3, 113, 79, 61, 0, 0, 0, 0, 0, 0, 0, 0, 0, 0, 0, 0, 0, 0, 0, 0, 0, 0, 0, 0, 0, 0, 0, 0, 0, 0, 0, 0, 0, 0, 0, 0, 0, 0, 0, 0, 0, 0, 0, 0, 0, 0, 0, 0, 0, 0, 0, 0, 0, 0, 0, 0, 0, 0, 0, 0, 0, 0, 0, 0, 0, 0, 0, 0, 0, 0, 0, 0, 0, 0, 0, 0, 0, 0, 0, 0, 0, 0, 0, 0, 0, 0, 0, 0, 0, 0, 0, 0, 0, 0, 0, 0, 0, 0, 0, 0, 0, 0, 0, 0, 0, 0, 0, 0, 0, 0, 0, 0, 0, 0, 0, 0, 0, 0, 0, 0, 0, 0, 0, 0, 0, 0, 0, 0, 0, 0, 0, 0, 0, 0, 0, 0, 0, 0, 0, 0, 0, 0, 0, 0, 0, 0, 0, 0]
[0, 1]
2
1
115
[338, 414, 0, 0]
[241, 0, 0, 0]
[6, 56, 3, 336, 337, 26, 5, 220, 26, 7, 21, 209, 79, 61, 261, 5, 146, 221, 7, 2, 613, 5, 241, 7, 242, 4, 92, 339, 112, 42, 340, 2, 341, 11, 6, 56, 3, 32, 4, 150, 1, 6, 342, 3, 32, 11, 343, 2, 146, 221, 42, 344, 2, 98, 3, 113, 79, 61, 1, 2, 210, 107, 345, 12, 346, 347, 2, 348, 349, 1, 53, 35, 12, 350, 6, 233, 3, 220, 26, 351, 21, 113, 79, 61, 1, 47, 32, 352, 6, 353, 8, 57, 8, 262, 243, 8, 201, 8, 415, 61, 354, 8, 355, 356, 1, 357, 12, 6, 358, 3, 113, 79, 61, 0, 0, 0, 0, 0, 0, 0, 0, 0, 0, 0, 0, 0, 0, 0, 0, 0, 0, 0, 0, 0, 0, 0, 0, 0, 0, 0, 0, 0, 0, 0, 0, 0, 0, 0, 0, 0, 0, 0, 0, 0, 0, 0, 0, 0, 0, 0, 0, 0, 0, 0, 0, 0, 0, 0, 0, 0, 0, 0, 0, 0, 0, 0, 0, 0, 0, 0, 0, 0, 0, 0, 0, 0, 0, 0, 0, 0, 0, 0, 0, 0, 0, 0, 0, 0, 0, 0, 0, 0, 0, 0, 0, 0, 0, 0, 0, 0, 0, 0, 0, 0, 0, 0, 0, 0, 0, 0, 0, 0, 0, 0, 0, 0, 0, 0, 0, 0, 0, 0, 0, 0, 0, 0, 0, 0, 0, 0, 0, 0, 0, 0, 0, 0, 0, 0, 0, 0, 0, 0, 0, 0, 0, 0, 0, 0, 0]
[0, 1]
2
1
113
[338, 414, 0, 0]
[32, 0, 0, 0]
[6, 56, 3, 336, 337, 26, 5, 220, 26, 7, 21, 209, 79, 61, 261, 5, 146, 221, 7, 2, 613, 5, 241, 7, 242, 4, 92, 339, 112, 42, 340, 2, 341, 11, 6, 56, 3, 32, 4, 150, 1, 6, 342, 3, 32, 11, 343, 241, 2, 146, 221, 42, 344, 2, 98, 3, 113, 79, 61, 1, 2, 210, 107, 345, 12, 346, 347, 2, 348, 349, 1, 53, 35, 12, 350, 6, 233, 3, 220, 26, 351, 21, 113, 79, 61, 1, 47, 352, 6, 353, 8, 57, 8, 262, 243, 8, 201, 8, 415, 61, 354, 8, 355, 356, 1, 357, 12, 6, 358, 3, 113, 79, 61, 0, 0, 0, 0, 0, 0, 0, 0, 0, 0, 0, 0, 0, 0, 0, 0, 0, 0, 0, 0, 0, 0, 0, 0, 0, 0, 0, 0, 0, 0, 0, 0, 0, 0, 0, 0, 0, 0, 0, 0, 0, 0, 0, 0, 0, 0, 0, 0, 0, 0, 0, 0, 0, 0, 0, 0, 0, 0, 0, 0, 0, 0, 0, 0, 0, 0, 0, 0, 0, 0, 0, 0, 0, 0, 0, 0, 0, 0, 0, 0, 0, 0, 0, 0, 0, 0, 0, 0, 0, 0, 0, 0, 0, 0, 0, 0, 0, 0, 0, 0, 0, 0, 0, 0, 0, 0, 0, 0, 0, 0, 0, 0, 0, 0, 0, 0, 0, 0, 0, 0, 0, 0, 0, 0, 0, 0, 0, 0, 0, 0, 0, 0, 0, 0, 0, 0, 0, 0, 0, 0, 0, 0, 0, 0, 0, 0]
[0, 1]
2
1
113
[373, 0, 0, 0]
[29, 0, 0, 0]
[34, 506, 507, 508, 11, 361, 15, 338, 509, 146, 510, 416, 230, 79, 61, 511, 12, 512, 203, 3, 613, 1, 513, 11, 209, 231, 3, 514, 11, 6, 515, 8, 516, 517, 4, 460, 211, 8, 112, 224, 518, 8, 262, 106, 3, 519, 520, 521, 0, 0, 0, 0, 0, 0, 0, 0, 0, 0, 0, 0, 0, 0, 0, 0, 0, 0, 0, 0, 0, 0, 0, 0, 0, 0, 0, 0, 0, 0, 0, 0, 0, 0, 0, 0, 0, 0, 0, 0, 0, 0, 0, 0, 0, 0, 0, 0, 0, 0, 0, 0, 0, 0, 0, 0, 0, 0, 0, 0, 0, 0, 0, 0, 0, 0, 0, 0, 0, 0, 0, 0, 0, 0, 0, 0, 0, 0, 0, 0, 0, 0, 0, 0, 0, 0, 0, 0, 0, 0, 0, 0, 0, 0, 0, 0, 0, 0, 0, 0, 0, 0, 0, 0, 0, 0, 0, 0, 0, 0, 0, 0, 0, 0, 0, 0, 0, 0, 0, 0, 0, 0, 0, 0, 0, 0, 0, 0, 0, 0, 0, 0, 0, 0, 0, 0, 0, 0, 0, 0, 0, 0, 0, 0, 0, 0, 0, 0, 0, 0, 0, 0, 0, 0, 0, 0, 0, 0, 0, 0, 0, 0, 0, 0, 0, 0, 0, 0, 0, 0, 0, 0, 0, 0, 0, 0, 0, 0, 0, 0, 0, 0, 0, 0, 0, 0, 0, 0, 0, 0, 0, 0, 0, 0, 0, 0, 0, 0, 0, 0, 0, 0, 0, 0, 0, 0, 0, 0, 0, 0, 0]
[1, 0]
1
1
48
[29, 0, 0, 0]
[373, 0, 0, 0]
[417, 211, 418, 243, 201, 2, 29, 91, 62, 419, 420, 232, 244, 245, 421, 1, 422, 1, 372, 253, 42, 423, 424, 109, 425, 3, 215, 426, 1, 427, 5, 86, 93, 35, 428, 224, 242, 3, 429, 430, 7, 75, 431, 432, 433, 5, 86, 434, 240, 11, 244, 245, 7, 1, 373, 2, 613, 91, 42, 435, 436, 12, 246, 211, 34, 111, 5, 437, 65, 6, 438, 15, 246, 211, 363, 359, 29, 202, 7, 84, 15, 1, 4, 439, 11, 360, 56, 21, 374, 440, 2, 441, 21, 6, 244, 245, 1, 246, 211, 260, 62, 442, 215, 443, 1, 240, 56, 11, 444, 445, 100, 330, 100, 359, 335, 0, 0, 0, 0, 0, 0, 0, 0, 0, 0, 0, 0, 0, 0, 0, 0, 0, 0, 0, 0, 0, 0, 0, 0, 0, 0, 0, 0, 0, 0, 0, 0, 0, 0, 0, 0, 0, 0, 0, 0, 0, 0, 0, 0, 0, 0, 0, 0, 0, 0, 0, 0, 0, 0, 0, 0, 0, 0, 0, 0, 0, 0, 0, 0, 0, 0, 0, 0, 0, 0, 0, 0, 0, 0, 0, 0, 0, 0, 0, 0, 0, 0, 0, 0, 0, 0, 0, 0, 0, 0, 0, 0, 0, 0, 0, 0, 0, 0, 0, 0, 0, 0, 0, 0, 0, 0, 0, 0, 0, 0, 0, 0, 0, 0, 0, 0, 0, 0, 0, 0, 0, 0, 0, 0, 0, 0, 0, 0, 0, 0, 0, 0, 0, 0, 0, 0, 0, 0, 0, 0, 0, 0, 0, 0]
[0, 1]
1
1
115
[243, 201, 0, 0]
[373, 0, 0, 0]
[417, 211, 418, 613, 2, 29, 91, 62, 419, 420, 232, 244, 245, 421, 1, 422, 1, 372, 253, 42, 423, 424, 109, 425, 3, 215, 426, 1, 427, 5, 86, 93, 35, 428, 224, 242, 3, 429, 430, 7, 75, 431, 432, 433, 5, 86, 434, 240, 11, 244, 245, 7, 1, 373, 2, 29, 91, 42, 435, 436, 12, 246, 211, 34, 111, 5, 437, 65, 6, 438, 15, 246, 211, 363, 359, 29, 202, 7, 84, 15, 1, 4, 439, 11, 360, 56, 21, 374, 440, 2, 441, 21, 6, 244, 245, 1, 246, 211, 260, 62, 442, 215, 443, 1, 240, 56, 11, 444, 445, 100, 330, 100, 359, 335, 0, 0, 0, 0, 0, 0, 0, 0, 0, 0, 0, 0, 0, 0, 0, 0, 0, 0, 0, 0, 0, 0, 0, 0, 0, 0, 0, 0, 0, 0, 0, 0, 0, 0, 0, 0, 0, 0, 0, 0, 0, 0, 0, 0, 0, 0, 0, 0, 0, 0, 0, 0, 0, 0, 0, 0, 0, 0, 0, 0, 0, 0, 0, 0, 0, 0, 0, 0, 0, 0, 0, 0, 0, 0, 0, 0, 0, 0, 0, 0, 0, 0, 0, 0, 0, 0, 0, 0, 0, 0, 0, 0, 0, 0, 0, 0, 0, 0, 0, 0, 0, 0, 0, 0, 0, 0, 0, 0, 0, 0, 0, 0, 0, 0, 0, 0, 0, 0, 0, 0, 0, 0, 0, 0, 0, 0, 0, 0, 0, 0, 0, 0, 0, 0, 0, 0, 0, 0, 0, 0, 0, 0, 0, 0, 0]
[0, 1]
2
1
114
[243, 201, 0, 0]
[29, 0, 0, 0]
[417, 211, 418, 613, 2, 29, 91, 62, 419, 420, 232, 244, 245, 421, 1, 422, 1, 372, 253, 42, 423, 424, 109, 425, 3, 215, 426, 1, 427, 5, 86, 93, 35, 428, 224, 242, 3, 429, 430, 7, 75, 431, 432, 433, 5, 86, 434, 240, 11, 244, 245, 7, 1, 373, 2, 91, 42, 435, 436, 12, 246, 211, 34, 111, 5, 437, 65, 6, 438, 15, 246, 211, 363, 359, 29, 202, 7, 84, 15, 1, 4, 439, 11, 360, 56, 21, 374, 440, 2, 441, 21, 6, 244, 245, 1, 246, 211, 260, 62, 442, 215, 443, 1, 240, 56, 11, 444, 445, 373, 100, 330, 100, 359, 335, 0, 0, 0, 0, 0, 0, 0, 0, 0, 0, 0, 0, 0, 0, 0, 0, 0, 0, 0, 0, 0, 0, 0, 0, 0, 0, 0, 0, 0, 0, 0, 0, 0, 0, 0, 0, 0, 0, 0, 0, 0, 0, 0, 0, 0, 0, 0, 0, 0, 0, 0, 0, 0, 0, 0, 0, 0, 0, 0, 0, 0, 0, 0, 0, 0, 0, 0, 0, 0, 0, 0, 0, 0, 0, 0, 0, 0, 0, 0, 0, 0, 0, 0, 0, 0, 0, 0, 0, 0, 0, 0, 0, 0, 0, 0, 0, 0, 0, 0, 0, 0, 0, 0, 0, 0, 0, 0, 0, 0, 0, 0, 0, 0, 0, 0, 0, 0, 0, 0, 0, 0, 0, 0, 0, 0, 0, 0, 0, 0, 0, 0, 0, 0, 0, 0, 0, 0, 0, 0, 0, 0, 0, 0, 0, 0]
[0, 1]
2
1
114
[29, 0, 0, 0]
[32, 0, 0, 0]
[6, 522, 42, 523, 12, 524, 461, 525, 225, 526, 119, 3, 364, 82, 2, 364, 17, 3, 6, 527, 198, 96, 613, 1, 462, 1, 463, 1, 83, 1, 528, 1, 32, 2, 464, 6, 465, 8, 529, 530, 531, 532, 42, 368, 12, 146, 102, 416, 533, 369, 534, 11, 535, 234, 96, 466, 467, 536, 2, 537, 467, 538, 16, 146, 69, 416, 539, 466, 364, 29, 2, 464, 17, 1, 47, 364, 462, 2, 42, 257, 540, 2, 22, 541, 542, 225, 22, 147, 218, 4, 364, 463, 0, 0, 0, 0, 0, 0, 0, 0, 0, 0, 0, 0, 0, 0, 0, 0, 0, 0, 0, 0, 0, 0, 0, 0, 0, 0, 0, 0, 0, 0, 0, 0, 0, 0, 0, 0, 0, 0, 0, 0, 0, 0, 0, 0, 0, 0, 0, 0, 0, 0, 0, 0, 0, 0, 0, 0, 0, 0, 0, 0, 0, 0, 0, 0, 0, 0, 0, 0, 0, 0, 0, 0, 0, 0, 0, 0, 0, 0, 0, 0, 0, 0, 0, 0, 0, 0, 0, 0, 0, 0, 0, 0, 0, 0, 0, 0, 0, 0, 0, 0, 0, 0, 0, 0, 0, 0, 0, 0, 0, 0, 0, 0, 0, 0, 0, 0, 0, 0, 0, 0, 0, 0, 0, 0, 0, 0, 0, 0, 0, 0, 0, 0, 0, 0, 0, 0, 0, 0, 0, 0, 0, 0, 0, 0, 0, 0, 0, 0, 0, 0, 0, 0, 0, 0, 0, 0, 0, 0, 0, 0, 0, 0, 0, 0, 0, 0, 0]
[0, 1]
1
1
92
[9, 0, 0, 0]
[447, 0, 0, 0]
[365, 3, 9, 468, 469, 33, 226, 2, 375, 446, 470, 1, 2, 23, 447, 14, 10, 471, 63, 114, 62, 6, 362, 3, 6, 472, 473, 474, 8, 365, 3, 448, 218, 363, 475, 6, 613, 8, 80, 223, 4, 14, 10, 4, 6, 37, 0, 0, 0, 0, 0, 0, 0, 0, 0, 0, 0, 0, 0, 0, 0, 0, 0, 0, 0, 0, 0, 0, 0, 0, 0, 0, 0, 0, 0, 0, 0, 0, 0, 0, 0, 0, 0, 0, 0, 0, 0, 0, 0, 0, 0, 0, 0, 0, 0, 0, 0, 0, 0, 0, 0, 0, 0, 0, 0, 0, 0, 0, 0, 0, 0, 0, 0, 0, 0, 0, 0, 0, 0, 0, 0, 0, 0, 0, 0, 0, 0, 0, 0, 0, 0, 0, 0, 0, 0, 0, 0, 0, 0, 0, 0, 0, 0, 0, 0, 0, 0, 0, 0, 0, 0, 0, 0, 0, 0, 0, 0, 0, 0, 0, 0, 0, 0, 0, 0, 0, 0, 0, 0, 0, 0, 0, 0, 0, 0, 0, 0, 0, 0, 0, 0, 0, 0, 0, 0, 0, 0, 0, 0, 0, 0, 0, 0, 0, 0, 0, 0, 0, 0, 0, 0, 0, 0, 0, 0, 0, 0, 0, 0, 0, 0, 0, 0, 0, 0, 0, 0, 0, 0, 0, 0, 0, 0, 0, 0, 0, 0, 0, 0, 0, 0, 0, 0, 0, 0, 0, 0, 0, 0, 0, 0, 0, 0, 0, 0, 0, 0, 0, 0, 0, 0, 0, 0, 0, 0, 0, 0, 0, 0]
[1, 0]
1
1
46
[9, 0, 0, 0]
[447, 0, 0, 0]
[365, 3, 613, 468, 469, 33, 226, 2, 375, 446, 470, 1, 2, 23, 14, 10, 471, 63, 114, 62, 6, 362, 3, 6, 472, 473, 474, 8, 365, 3, 448, 218, 363, 475, 6, 9, 8, 80, 223, 4, 447, 14, 10, 4, 6, 37, 0, 0, 0, 0, 0, 0, 0, 0, 0, 0, 0, 0, 0, 0, 0, 0, 0, 0, 0, 0, 0, 0, 0, 0, 0, 0, 0, 0, 0, 0, 0, 0, 0, 0, 0, 0, 0, 0, 0, 0, 0, 0, 0, 0, 0, 0, 0, 0, 0, 0, 0, 0, 0, 0, 0, 0, 0, 0, 0, 0, 0, 0, 0, 0, 0, 0, 0, 0, 0, 0, 0, 0, 0, 0, 0, 0, 0, 0, 0, 0, 0, 0, 0, 0, 0, 0, 0, 0, 0, 0, 0, 0, 0, 0, 0, 0, 0, 0, 0, 0, 0, 0, 0, 0, 0, 0, 0, 0, 0, 0, 0, 0, 0, 0, 0, 0, 0, 0, 0, 0, 0, 0, 0, 0, 0, 0, 0, 0, 0, 0, 0, 0, 0, 0, 0, 0, 0, 0, 0, 0, 0, 0, 0, 0, 0, 0, 0, 0, 0, 0, 0, 0, 0, 0, 0, 0, 0, 0, 0, 0, 0, 0, 0, 0, 0, 0, 0, 0, 0, 0, 0, 0, 0, 0, 0, 0, 0, 0, 0, 0, 0, 0, 0, 0, 0, 0, 0, 0, 0, 0, 0, 0, 0, 0, 0, 0, 0, 0, 0, 0, 0, 0, 0, 0, 0, 0, 0, 0, 0, 0, 0, 0, 0]
[1, 0]
1
1
46
[9, 0, 0, 0]
[48, 0, 0, 0]
[365, 3, 613, 65, 75, 476, 448, 1, 22, 543, 258, 3, 26, 8, 544, 545, 103, 1, 21, 33, 226, 1, 375, 446, 1, 2, 546, 5, 447, 7, 14, 10, 4, 6, 115, 39, 40, 5, 37, 7, 4, 38, 22, 547, 548, 228, 0, 0, 0, 0, 0, 0, 0, 0, 0, 0, 0, 0, 0, 0, 0, 0, 0, 0, 0, 0, 0, 0, 0, 0, 0, 0, 0, 0, 0, 0, 0, 0, 0, 0, 0, 0, 0, 0, 0, 0, 0, 0, 0, 0, 0, 0, 0, 0, 0, 0, 0, 0, 0, 0, 0, 0, 0, 0, 0, 0, 0, 0, 0, 0, 0, 0, 0, 0, 0, 0, 0, 0, 0, 0, 0, 0, 0, 0, 0, 0, 0, 0, 0, 0, 0, 0, 0, 0, 0, 0, 0, 0, 0, 0, 0, 0, 0, 0, 0, 0, 0, 0, 0, 0, 0, 0, 0, 0, 0, 0, 0, 0, 0, 0, 0, 0, 0, 0, 0, 0, 0, 0, 0, 0, 0, 0, 0, 0, 0, 0, 0, 0, 0, 0, 0, 0, 0, 0, 0, 0, 0, 0, 0, 0, 0, 0, 0, 0, 0, 0, 0, 0, 0, 0, 0, 0, 0, 0, 0, 0, 0, 0, 0, 0, 0, 0, 0, 0, 0, 0, 0, 0, 0, 0, 0, 0, 0, 0, 0, 0, 0, 0, 0, 0, 0, 0, 0, 0, 0, 0, 0, 0, 0, 0, 0, 0, 0, 0, 0, 0, 0, 0, 0, 0, 0, 0, 0, 0, 0, 0, 0, 0, 0]
[0, 1]
1
2
46
[29, 0, 0, 0]
[243, 201, 0, 0]
[29, 247, 6, 202, 3, 6, 477, 478, 8, 479, 251, 480, 232, 481, 482, 376, 6, 233, 3, 22, 243, 201, 6, 483, 484, 3, 485, 486, 232, 6, 112, 21, 234, 65, 613, 31, 487, 12, 488, 489, 6, 338, 490, 491, 492, 8, 493, 494, 1, 495, 15, 148, 222, 252, 496, 12, 497, 3, 360, 498, 499, 376, 6, 233, 3, 22, 0, 0, 0, 0, 0, 0, 0, 0, 0, 0, 0, 0, 0, 0, 0, 0, 0, 0, 0, 0, 0, 0, 0, 0, 0, 0, 0, 0, 0, 0, 0, 0, 0, 0, 0, 0, 0, 0, 0, 0, 0, 0, 0, 0, 0, 0, 0, 0, 0, 0, 0, 0, 0, 0, 0, 0, 0, 0, 0, 0, 0, 0, 0, 0, 0, 0, 0, 0, 0, 0, 0, 0, 0, 0, 0, 0, 0, 0, 0, 0, 0, 0, 0, 0, 0, 0, 0, 0, 0, 0, 0, 0, 0, 0, 0, 0, 0, 0, 0, 0, 0, 0, 0, 0, 0, 0, 0, 0, 0, 0, 0, 0, 0, 0, 0, 0, 0, 0, 0, 0, 0, 0, 0, 0, 0, 0, 0, 0, 0, 0, 0, 0, 0, 0, 0, 0, 0, 0, 0, 0, 0, 0, 0, 0, 0, 0, 0, 0, 0, 0, 0, 0, 0, 0, 0, 0, 0, 0, 0, 0, 0, 0, 0, 0, 0, 0, 0, 0, 0, 0, 0, 0, 0, 0, 0, 0, 0, 0, 0, 0, 0, 0, 0, 0, 0, 0, 0, 0, 0, 0, 0, 0, 0]
[1, 0]
1
2
66
[29, 0, 0, 0]
[243, 201, 0, 0]
[613, 247, 6, 202, 3, 6, 477, 478, 8, 479, 251, 480, 232, 481, 482, 376, 6, 233, 3, 22, 6, 483, 484, 3, 485, 486, 232, 6, 112, 21, 234, 65, 29, 31, 487, 12, 488, 489, 6, 338, 490, 491, 492, 8, 493, 494, 1, 495, 15, 148, 222, 252, 496, 12, 497, 3, 360, 498, 499, 376, 6, 233, 3, 22, 243, 201, 0, 0, 0, 0, 0, 0, 0, 0, 0, 0, 0, 0, 0, 0, 0, 0, 0, 0, 0, 0, 0, 0, 0, 0, 0, 0, 0, 0, 0, 0, 0, 0, 0, 0, 0, 0, 0, 0, 0, 0, 0, 0, 0, 0, 0, 0, 0, 0, 0, 0, 0, 0, 0, 0, 0, 0, 0, 0, 0, 0, 0, 0, 0, 0, 0, 0, 0, 0, 0, 0, 0, 0, 0, 0, 0, 0, 0, 0, 0, 0, 0, 0, 0, 0, 0, 0, 0, 0, 0, 0, 0, 0, 0, 0, 0, 0, 0, 0, 0, 0, 0, 0, 0, 0, 0, 0, 0, 0, 0, 0, 0, 0, 0, 0, 0, 0, 0, 0, 0, 0, 0, 0, 0, 0, 0, 0, 0, 0, 0, 0, 0, 0, 0, 0, 0, 0, 0, 0, 0, 0, 0, 0, 0, 0, 0, 0, 0, 0, 0, 0, 0, 0, 0, 0, 0, 0, 0, 0, 0, 0, 0, 0, 0, 0, 0, 0, 0, 0, 0, 0, 0, 0, 0, 0, 0, 0, 0, 0, 0, 0, 0, 0, 0, 0, 0, 0, 0, 0, 0, 0, 0, 0, 0]
[1, 0]
1
2
66
[78, 0, 0, 0]
[9, 0, 0, 0]
[4, 549, 460, 253, 1, 613, 77, 550, 12, 2, 77, 465, 4, 9, 8, 551, 253, 3, 377, 38, 11, 88, 200, 78, 93, 1, 4, 552, 1, 259, 48, 366, 2, 1, 553, 554, 1, 200, 254, 366, 555, 556, 557, 6, 558, 4, 9, 8, 559, 560, 253, 3, 500, 377, 38, 1, 87, 561, 6, 78, 27, 11, 6, 253, 3, 500, 377, 38, 2, 562, 5, 61, 563, 7, 377, 255, 38, 87, 361, 15, 78, 260, 48, 564, 372, 565, 4, 9, 8, 566, 253, 2, 15, 360, 567, 568, 6, 569, 3, 6, 29, 27, 2, 570, 82, 8, 459, 29, 91, 1, 571, 12, 572, 6, 374, 96, 573, 574, 0, 0, 0, 0, 0, 0, 0, 0, 0, 0, 0, 0, 0, 0, 0, 0, 0, 0, 0, 0, 0, 0, 0, 0, 0, 0, 0, 0, 0, 0, 0, 0, 0, 0, 0, 0, 0, 0, 0, 0, 0, 0, 0, 0, 0, 0, 0, 0, 0, 0, 0, 0, 0, 0, 0, 0, 0, 0, 0, 0, 0, 0, 0, 0, 0, 0, 0, 0, 0, 0, 0, 0, 0, 0, 0, 0, 0, 0, 0, 0, 0, 0, 0, 0, 0, 0, 0, 0, 0, 0, 0, 0, 0, 0, 0, 0, 0, 0, 0, 0, 0, 0, 0, 0, 0, 0, 0, 0, 0, 0, 0, 0, 0, 0, 0, 0, 0, 0, 0, 0, 0, 0, 0, 0, 0, 0, 0, 0, 0, 0, 0, 0, 0, 0, 0, 0, 0, 0, 0, 0, 0]
[1, 0]
1
1
118
[338, 0, 0, 0]
[32, 0, 0, 0]
[613, 2, 575, 4, 92, 576, 0, 0, 0, 0, 0, 0, 0, 0, 0, 0, 0, 0, 0, 0, 0, 0, 0, 0, 0, 0, 0, 0, 0, 0, 0, 0, 0, 0, 0, 0, 0, 0, 0, 0, 0, 0, 0, 0, 0, 0, 0, 0, 0, 0, 0, 0, 0, 0, 0, 0, 0, 0, 0, 0, 0, 0, 0, 0, 0, 0, 0, 0, 0, 0, 0, 0, 0, 0, 0, 0, 0, 0, 0, 0, 0, 0, 0, 0, 0, 0, 0, 0, 0, 0, 0, 0, 0, 0, 0, 0, 0, 0, 0, 0, 0, 0, 0, 0, 0, 0, 0, 0, 0, 0, 0, 0, 0, 0, 0, 0, 0, 0, 0, 0, 0, 0, 0, 0, 0, 0, 0, 0, 0, 0, 0, 0, 0, 0, 0, 0, 0, 0, 0, 0, 0, 0, 0, 0, 0, 0, 0, 0, 0, 0, 0, 0, 0, 0, 0, 0, 0, 0, 0, 0, 0, 0, 0, 0, 0, 0, 0, 0, 0, 0, 0, 0, 0, 0, 0, 0, 0, 0, 0, 0, 0, 0, 0, 0, 0, 0, 0, 0, 0, 0, 0, 0, 0, 0, 0, 0, 0, 0, 0, 0, 0, 0, 0, 0, 0, 0, 0, 0, 0, 0, 0, 0, 0, 0, 0, 0, 0, 0, 0, 0, 0, 0, 0, 0, 0, 0, 0, 0, 0, 0, 0, 0, 0, 0, 0, 0, 0, 0, 0, 0, 0, 0, 0, 0, 0, 0, 0, 0, 0, 0, 0, 0, 0, 0, 0, 0, 0, 0, 0]
[0, 1]
2
1
6
[9, 0, 0, 0]
[25, 0, 0, 0]
[204, 3, 205, 198, 4, 6, 50, 3, 208, 9, 49, 21, 48, 227, 10, 4, 263, 55, 22, 264, 3, 33, 226, 265, 21, 255, 38, 5, 266, 8, 267, 7, 1, 268, 62, 269, 9, 8, 80, 270, 1, 271, 22, 94, 147, 4, 6, 10, 3, 55, 48, 227, 5, 25, 7, 1, 47, 43, 49, 3, 9, 272, 254, 22, 147, 4, 25, 11, 249, 273, 199, 204, 3, 205, 198, 4, 6, 50, 3, 9, 21, 55, 25, 10, 1, 206, 38, 42, 43, 274, 65, 9, 75, 275, 148, 31, 95, 15, 4, 206, 38, 1, 43, 9, 31, 276, 11, 277, 55, 25, 10, 62, 278, 279, 4, 280, 281, 282, 283, 34, 284, 84, 15, 285, 9, 247, 207, 250, 224, 199, 203, 3, 286, 11, 207, 287, 1, 2, 15, 118, 234, 210, 107, 288, 225, 6, 50, 3, 613, 21, 55, 10, 0, 0, 0, 0, 0, 0, 0, 0, 0, 0, 0, 0, 0, 0, 0, 0, 0, 0, 0, 0, 0, 0, 0, 0, 0, 0, 0, 0, 0, 0, 0, 0, 0, 0, 0, 0, 0, 0, 0, 0, 0, 0, 0, 0, 0, 0, 0, 0, 0, 0, 0, 0, 0, 0, 0, 0, 0, 0, 0, 0, 0, 0, 0, 0, 0, 0, 0, 0, 0, 0, 0, 0, 0, 0, 0, 0, 0, 0, 0, 0, 0, 0, 0, 0, 0, 0, 0, 0, 0, 0, 0, 0, 0, 0, 0, 0, 0, 0, 0, 0, 0, 0, 0, 0, 0, 0, 0]
[1, 0]
1
1
152
[9, 0, 0, 0]
[25, 0, 0, 0]
[204, 3, 205, 198, 4, 6, 50, 3, 208, 9, 49, 21, 48, 227, 10, 4, 263, 55, 22, 264, 3, 33, 226, 265, 21, 255, 38, 5, 266, 8, 267, 7, 1, 268, 62, 269, 9, 8, 80, 270, 1, 271, 22, 94, 147, 4, 6, 10, 3, 55, 48, 227, 5, 25, 7, 1, 47, 43, 49, 3, 9, 272, 254, 22, 147, 4, 25, 11, 249, 273, 199, 204, 3, 205, 198, 4, 6, 50, 3, 613, 21, 55, 10, 1, 206, 38, 42, 43, 274, 65, 9, 75, 275, 148, 31, 95, 15, 4, 206, 38, 1, 43, 9, 31, 276, 11, 277, 55, 25, 10, 62, 278, 279, 4, 280, 281, 282, 283, 34, 284, 84, 15, 285, 9, 247, 207, 250, 224, 199, 203, 3, 286, 11, 207, 287, 1, 2, 15, 118, 234, 210, 107, 288, 225, 6, 50, 3, 9, 21, 55, 25, 10, 0, 0, 0, 0, 0, 0, 0, 0, 0, 0, 0, 0, 0, 0, 0, 0, 0, 0, 0, 0, 0, 0, 0, 0, 0, 0, 0, 0, 0, 0, 0, 0, 0, 0, 0, 0, 0, 0, 0, 0, 0, 0, 0, 0, 0, 0, 0, 0, 0, 0, 0, 0, 0, 0, 0, 0, 0, 0, 0, 0, 0, 0, 0, 0, 0, 0, 0, 0, 0, 0, 0, 0, 0, 0, 0, 0, 0, 0, 0, 0, 0, 0, 0, 0, 0, 0, 0, 0, 0, 0, 0, 0, 0, 0, 0, 0, 0, 0, 0, 0, 0, 0, 0, 0, 0, 0, 0]
[1, 0]
1
1
152
[9, 0, 0, 0]
[25, 0, 0, 0]
[204, 3, 205, 198, 4, 6, 50, 3, 208, 9, 49, 21, 48, 227, 10, 4, 263, 55, 22, 264, 3, 33, 226, 265, 21, 255, 38, 5, 266, 8, 267, 7, 1, 268, 62, 269, 9, 8, 80, 270, 1, 271, 22, 94, 147, 4, 6, 10, 3, 55, 48, 227, 5, 25, 7, 1, 47, 43, 49, 3, 9, 272, 254, 22, 147, 4, 25, 11, 249, 273, 199, 204, 3, 205, 198, 4, 6, 50, 3, 9, 21, 55, 25, 10, 1, 206, 38, 42, 43, 274, 65, 9, 75, 275, 148, 31, 95, 15, 4, 206, 38, 1, 43, 613, 31, 276, 11, 277, 55, 10, 62, 278, 279, 4, 280, 281, 282, 283, 34, 284, 84, 15, 285, 9, 247, 207, 250, 224, 199, 203, 3, 286, 11, 207, 287, 1, 2, 15, 118, 234, 210, 107, 288, 225, 6, 50, 3, 9, 21, 55, 25, 10, 0, 0, 0, 0, 0, 0, 0, 0, 0, 0, 0, 0, 0, 0, 0, 0, 0, 0, 0, 0, 0, 0, 0, 0, 0, 0, 0, 0, 0, 0, 0, 0, 0, 0, 0, 0, 0, 0, 0, 0, 0, 0, 0, 0, 0, 0, 0, 0, 0, 0, 0, 0, 0, 0, 0, 0, 0, 0, 0, 0, 0, 0, 0, 0, 0, 0, 0, 0, 0, 0, 0, 0, 0, 0, 0, 0, 0, 0, 0, 0, 0, 0, 0, 0, 0, 0, 0, 0, 0, 0, 0, 0, 0, 0, 0, 0, 0, 0, 0, 0, 0, 0, 0, 0, 0, 0, 0]
[1, 0]
1
1
152
[9, 0, 0, 0]
[48, 227, 0, 0]
[204, 3, 205, 198, 4, 6, 50, 3, 208, 9, 49, 21, 48, 227, 10, 4, 263, 55, 22, 264, 3, 33, 226, 265, 21, 255, 38, 5, 266, 8, 267, 7, 1, 268, 62, 269, 613, 8, 80, 270, 1, 271, 22, 94, 147, 4, 6, 10, 3, 55, 5, 25, 7, 1, 47, 43, 49, 3, 9, 272, 254, 22, 147, 4, 25, 11, 249, 273, 199, 204, 3, 205, 198, 4, 6, 50, 3, 9, 21, 55, 25, 10, 1, 206, 38, 42, 43, 274, 65, 9, 75, 275, 148, 31, 95, 15, 4, 206, 38, 1, 43, 9, 31, 276, 11, 277, 55, 25, 10, 62, 278, 279, 4, 280, 281, 282, 283, 34, 284, 84, 15, 285, 9, 247, 207, 250, 224, 199, 203, 3, 286, 11, 207, 287, 1, 2, 15, 118, 234, 210, 107, 288, 225, 6, 50, 3, 9, 21, 55, 25, 10, 0, 0, 0, 0, 0, 0, 0, 0, 0, 0, 0, 0, 0, 0, 0, 0, 0, 0, 0, 0, 0, 0, 0, 0, 0, 0, 0, 0, 0, 0, 0, 0, 0, 0, 0, 0, 0, 0, 0, 0, 0, 0, 0, 0, 0, 0, 0, 0, 0, 0, 0, 0, 0, 0, 0, 0, 0, 0, 0, 0, 0, 0, 0, 0, 0, 0, 0, 0, 0, 0, 0, 0, 0, 0, 0, 0, 0, 0, 0, 0, 0, 0, 0, 0, 0, 0, 0, 0, 0, 0, 0, 0, 0, 0, 0, 0, 0, 0, 0, 0, 0, 0, 0, 0, 0, 0, 0, 0]
[1, 0]
1
2
151
[9, 0, 0, 0]
[25, 0, 0, 0]
[204, 3, 205, 198, 4, 6, 50, 3, 208, 9, 49, 21, 48, 227, 10, 4, 263, 55, 22, 264, 3, 33, 226, 265, 21, 255, 38, 5, 266, 8, 267, 7, 1, 268, 62, 269, 9, 8, 80, 270, 1, 271, 22, 94, 147, 4, 6, 10, 3, 55, 48, 227, 5, 25, 7, 1, 47, 43, 49, 3, 613, 272, 254, 22, 147, 4, 11, 249, 273, 199, 204, 3, 205, 198, 4, 6, 50, 3, 9, 21, 55, 25, 10, 1, 206, 38, 42, 43, 274, 65, 9, 75, 275, 148, 31, 95, 15, 4, 206, 38, 1, 43, 9, 31, 276, 11, 277, 55, 25, 10, 62, 278, 279, 4, 280, 281, 282, 283, 34, 284, 84, 15, 285, 9, 247, 207, 250, 224, 199, 203, 3, 286, 11, 207, 287, 1, 2, 15, 118, 234, 210, 107, 288, 225, 6, 50, 3, 9, 21, 55, 25, 10, 0, 0, 0, 0, 0, 0, 0, 0, 0, 0, 0, 0, 0, 0, 0, 0, 0, 0, 0, 0, 0, 0, 0, 0, 0, 0, 0, 0, 0, 0, 0, 0, 0, 0, 0, 0, 0, 0, 0, 0, 0, 0, 0, 0, 0, 0, 0, 0, 0, 0, 0, 0, 0, 0, 0, 0, 0, 0, 0, 0, 0, 0, 0, 0, 0, 0, 0, 0, 0, 0, 0, 0, 0, 0, 0, 0, 0, 0, 0, 0, 0, 0, 0, 0, 0, 0, 0, 0, 0, 0, 0, 0, 0, 0, 0, 0, 0, 0, 0, 0, 0, 0, 0, 0, 0, 0, 0]
[1, 0]
1
1
152
[9, 0, 0, 0]
[48, 227, 0, 0]
[204, 3, 205, 198, 4, 6, 50, 3, 208, 613, 49, 21, 10, 4, 263, 55, 22, 264, 3, 33, 226, 265, 21, 255, 38, 5, 266, 8, 267, 7, 1, 268, 62, 269, 9, 8, 80, 270, 1, 271, 22, 94, 147, 4, 6, 10, 3, 55, 48, 227, 5, 25, 7, 1, 47, 43, 49, 3, 9, 272, 254, 22, 147, 4, 25, 11, 249, 273, 199, 204, 3, 205, 198, 4, 6, 50, 3, 9, 21, 55, 25, 10, 1, 206, 38, 42, 43, 274, 65, 9, 75, 275, 148, 31, 95, 15, 4, 206, 38, 1, 43, 9, 31, 276, 11, 277, 55, 25, 10, 62, 278, 279, 4, 280, 281, 282, 283, 34, 284, 84, 15, 285, 9, 247, 207, 250, 224, 199, 203, 3, 286, 11, 207, 287, 1, 2, 15, 118, 234, 210, 107, 288, 225, 6, 50, 3, 9, 21, 55, 25, 10, 0, 0, 0, 0, 0, 0, 0, 0, 0, 0, 0, 0, 0, 0, 0, 0, 0, 0, 0, 0, 0, 0, 0, 0, 0, 0, 0, 0, 0, 0, 0, 0, 0, 0, 0, 0, 0, 0, 0, 0, 0, 0, 0, 0, 0, 0, 0, 0, 0, 0, 0, 0, 0, 0, 0, 0, 0, 0, 0, 0, 0, 0, 0, 0, 0, 0, 0, 0, 0, 0, 0, 0, 0, 0, 0, 0, 0, 0, 0, 0, 0, 0, 0, 0, 0, 0, 0, 0, 0, 0, 0, 0, 0, 0, 0, 0, 0, 0, 0, 0, 0, 0, 0, 0, 0, 0, 0, 0]
[1, 0]
1
2
151
[48, 227, 0, 0]
[25, 0, 0, 0]
[204, 3, 205, 198, 4, 6, 50, 3, 208, 9, 49, 21, 613, 10, 4, 263, 55, 22, 264, 3, 33, 226, 265, 21, 255, 38, 5, 266, 8, 267, 7, 1, 268, 62, 269, 9, 8, 80, 270, 1, 271, 22, 94, 147, 4, 6, 10, 3, 55, 48, 227, 5, 25, 7, 1, 47, 43, 49, 3, 9, 272, 254, 22, 147, 4, 11, 249, 273, 199, 204, 3, 205, 198, 4, 6, 50, 3, 9, 21, 55, 25, 10, 1, 206, 38, 42, 43, 274, 65, 9, 75, 275, 148, 31, 95, 15, 4, 206, 38, 1, 43, 9, 31, 276, 11, 277, 55, 25, 10, 62, 278, 279, 4, 280, 281, 282, 283, 34, 284, 84, 15, 285, 9, 247, 207, 250, 224, 199, 203, 3, 286, 11, 207, 287, 1, 2, 15, 118, 234, 210, 107, 288, 225, 6, 50, 3, 9, 21, 55, 25, 10, 0, 0, 0, 0, 0, 0, 0, 0, 0, 0, 0, 0, 0, 0, 0, 0, 0, 0, 0, 0, 0, 0, 0, 0, 0, 0, 0, 0, 0, 0, 0, 0, 0, 0, 0, 0, 0, 0, 0, 0, 0, 0, 0, 0, 0, 0, 0, 0, 0, 0, 0, 0, 0, 0, 0, 0, 0, 0, 0, 0, 0, 0, 0, 0, 0, 0, 0, 0, 0, 0, 0, 0, 0, 0, 0, 0, 0, 0, 0, 0, 0, 0, 0, 0, 0, 0, 0, 0, 0, 0, 0, 0, 0, 0, 0, 0, 0, 0, 0, 0, 0, 0, 0, 0, 0, 0, 0, 0]
[0, 1]
2
1
151
[116, 0, 0, 0]
[117, 0, 0, 0]
[449, 1, 450, 1, 53, 35, 613, 75, 451, 1, 80, 22, 149, 223, 4, 251, 8, 452, 57, 248, 201, 5, 117, 7, 453, 366, 4, 150, 1, 116, 222, 85, 50, 21, 6, 454, 3, 455, 456, 457, 0, 0, 0, 0, 0, 0, 0, 0, 0, 0, 0, 0, 0, 0, 0, 0, 0, 0, 0, 0, 0, 0, 0, 0, 0, 0, 0, 0, 0, 0, 0, 0, 0, 0, 0, 0, 0, 0, 0, 0, 0, 0, 0, 0, 0, 0, 0, 0, 0, 0, 0, 0, 0, 0, 0, 0, 0, 0, 0, 0, 0, 0, 0, 0, 0, 0, 0, 0, 0, 0, 0, 0, 0, 0, 0, 0, 0, 0, 0, 0, 0, 0, 0, 0, 0, 0, 0, 0, 0, 0, 0, 0, 0, 0, 0, 0, 0, 0, 0, 0, 0, 0, 0, 0, 0, 0, 0, 0, 0, 0, 0, 0, 0, 0, 0, 0, 0, 0, 0, 0, 0, 0, 0, 0, 0, 0, 0, 0, 0, 0, 0, 0, 0, 0, 0, 0, 0, 0, 0, 0, 0, 0, 0, 0, 0, 0, 0, 0, 0, 0, 0, 0, 0, 0, 0, 0, 0, 0, 0, 0, 0, 0, 0, 0, 0, 0, 0, 0, 0, 0, 0, 0, 0, 0, 0, 0, 0, 0, 0, 0, 0, 0, 0, 0, 0, 0, 0, 0, 0, 0, 0, 0, 0, 0, 0, 0, 0, 0, 0, 0, 0, 0, 0, 0, 0, 0, 0, 0, 0, 0, 0, 0, 0, 0, 0, 0, 0, 0, 0]
[0, 1]
1
1
40
[57, 248, 201, 0]
[117, 0, 0, 0]
[449, 1, 450, 1, 53, 35, 116, 75, 451, 1, 80, 22, 149, 223, 4, 251, 8, 452, 613, 5, 117, 7, 453, 366, 4, 150, 1, 116, 222, 85, 50, 21, 6, 454, 3, 455, 456, 457, 0, 0, 0, 0, 0, 0, 0, 0, 0, 0, 0, 0, 0, 0, 0, 0, 0, 0, 0, 0, 0, 0, 0, 0, 0, 0, 0, 0, 0, 0, 0, 0, 0, 0, 0, 0, 0, 0, 0, 0, 0, 0, 0, 0, 0, 0, 0, 0, 0, 0, 0, 0, 0, 0, 0, 0, 0, 0, 0, 0, 0, 0, 0, 0, 0, 0, 0, 0, 0, 0, 0, 0, 0, 0, 0, 0, 0, 0, 0, 0, 0, 0, 0, 0, 0, 0, 0, 0, 0, 0, 0, 0, 0, 0, 0, 0, 0, 0, 0, 0, 0, 0, 0, 0, 0, 0, 0, 0, 0, 0, 0, 0, 0, 0, 0, 0, 0, 0, 0, 0, 0, 0, 0, 0, 0, 0, 0, 0, 0, 0, 0, 0, 0, 0, 0, 0, 0, 0, 0, 0, 0, 0, 0, 0, 0, 0, 0, 0, 0, 0, 0, 0, 0, 0, 0, 0, 0, 0, 0, 0, 0, 0, 0, 0, 0, 0, 0, 0, 0, 0, 0, 0, 0, 0, 0, 0, 0, 0, 0, 0, 0, 0, 0, 0, 0, 0, 0, 0, 0, 0, 0, 0, 0, 0, 0, 0, 0, 0, 0, 0, 0, 0, 0, 0, 0, 0, 0, 0, 0, 0, 0, 0, 0, 0, 0, 0, 0, 0, 0, 0, 0]
[0, 1]
3
1
38
[116, 0, 0, 0]
[57, 248, 201, 0]
[449, 1, 450, 1, 53, 35, 613, 75, 451, 1, 80, 22, 149, 223, 4, 251, 8, 452, 5, 117, 7, 453, 366, 4, 150, 1, 116, 222, 85, 50, 21, 6, 454, 3, 455, 117, 456, 457, 0, 0, 0, 0, 0, 0, 0, 0, 0, 0, 0, 0, 0, 0, 0, 0, 0, 0, 0, 0, 0, 0, 0, 0, 0, 0, 0, 0, 0, 0, 0, 0, 0, 0, 0, 0, 0, 0, 0, 0, 0, 0, 0, 0, 0, 0, 0, 0, 0, 0, 0, 0, 0, 0, 0, 0, 0, 0, 0, 0, 0, 0, 0, 0, 0, 0, 0, 0, 0, 0, 0, 0, 0, 0, 0, 0, 0, 0, 0, 0, 0, 0, 0, 0, 0, 0, 0, 0, 0, 0, 0, 0, 0, 0, 0, 0, 0, 0, 0, 0, 0, 0, 0, 0, 0, 0, 0, 0, 0, 0, 0, 0, 0, 0, 0, 0, 0, 0, 0, 0, 0, 0, 0, 0, 0, 0, 0, 0, 0, 0, 0, 0, 0, 0, 0, 0, 0, 0, 0, 0, 0, 0, 0, 0, 0, 0, 0, 0, 0, 0, 0, 0, 0, 0, 0, 0, 0, 0, 0, 0, 0, 0, 0, 0, 0, 0, 0, 0, 0, 0, 0, 0, 0, 0, 0, 0, 0, 0, 0, 0, 0, 0, 0, 0, 0, 0, 0, 0, 0, 0, 0, 0, 0, 0, 0, 0, 0, 0, 0, 0, 0, 0, 0, 0, 0, 0, 0, 0, 0, 0, 0, 0, 0, 0, 0, 0, 0, 0, 0, 0, 0]
[0, 1]
1
3
38
[117, 0, 0, 0]
[116, 0, 0, 0]
[199, 458, 3, 613, 1, 577, 8, 578, 5, 579, 580, 7, 1, 581, 6, 582, 3, 583, 11, 147, 146, 584, 7, 1, 476, 585, 6, 586, 11, 367, 75, 587, 588, 3, 0, 0, 0, 0, 0, 0, 0, 0, 0, 0, 0, 0, 0, 0, 0, 0, 0, 0, 0, 0, 0, 0, 0, 0, 0, 0, 0, 0, 0, 0, 0, 0, 0, 0, 0, 0, 0, 0, 0, 0, 0, 0, 0, 0, 0, 0, 0, 0, 0, 0, 0, 0, 0, 0, 0, 0, 0, 0, 0, 0, 0, 0, 0, 0, 0, 0, 0, 0, 0, 0, 0, 0, 0, 0, 0, 0, 0, 0, 0, 0, 0, 0, 0, 0, 0, 0, 0, 0, 0, 0, 0, 0, 0, 0, 0, 0, 0, 0, 0, 0, 0, 0, 0, 0, 0, 0, 0, 0, 0, 0, 0, 0, 0, 0, 0, 0, 0, 0, 0, 0, 0, 0, 0, 0, 0, 0, 0, 0, 0, 0, 0, 0, 0, 0, 0, 0, 0, 0, 0, 0, 0, 0, 0, 0, 0, 0, 0, 0, 0, 0, 0, 0, 0, 0, 0, 0, 0, 0, 0, 0, 0, 0, 0, 0, 0, 0, 0, 0, 0, 0, 0, 0, 0, 0, 0, 0, 0, 0, 0, 0, 0, 0, 0, 0, 0, 0, 0, 0, 0, 0, 0, 0, 0, 0, 0, 0, 0, 0, 0, 0, 0, 0, 0, 0, 0, 0, 0, 0, 0, 0, 0, 0, 0, 0, 0, 0, 0, 0, 0, 0, 0, 0, 0, 0, 0]
[0, 1]
1
1
34
[0, 0, 0, 0]
[0, 0, 0, 0]
[6, 589, 590, 371, 591, 2, 592, 593, 3, 613, 226, 594, 225, 595, 1, 596, 1, 597, 261, 1, 461, 598, 1, 2, 375, 599, 370, 42, 600, 5, 601, 13, 602, 603, 604, 11, 605, 7, 2, 606, 5, 607, 11, 608, 7, 225, 609, 2, 610, 611, 1, 612, 0, 0, 0, 0, 0, 0, 0, 0, 0, 0, 0, 0, 0, 0, 0, 0, 0, 0, 0, 0, 0, 0, 0, 0, 0, 0, 0, 0, 0, 0, 0, 0, 0, 0, 0, 0, 0, 0, 0, 0, 0, 0, 0, 0, 0, 0, 0, 0, 0, 0, 0, 0, 0, 0, 0, 0, 0, 0, 0, 0, 0, 0, 0, 0, 0, 0, 0, 0, 0, 0, 0, 0, 0, 0, 0, 0, 0, 0, 0, 0, 0, 0, 0, 0, 0, 0, 0, 0, 0, 0, 0, 0, 0, 0, 0, 0, 0, 0, 0, 0, 0, 0, 0, 0, 0, 0, 0, 0, 0, 0, 0, 0, 0, 0, 0, 0, 0, 0, 0, 0, 0, 0, 0, 0, 0, 0, 0, 0, 0, 0, 0, 0, 0, 0, 0, 0, 0, 0, 0, 0, 0, 0, 0, 0, 0, 0, 0, 0, 0, 0, 0, 0, 0, 0, 0, 0, 0, 0, 0, 0, 0, 0, 0, 0, 0, 0, 0, 0, 0, 0, 0, 0, 0, 0, 0, 0, 0, 0, 0, 0, 0, 0, 0, 0, 0, 0, 0, 0, 0, 0, 0, 0, 0, 0, 0, 0, 0, 0, 0, 0, 0, 0, 0, 0, 0, 0, 0]
[0, 1]
1
1
52
